1.071844992955148257e+01
-1.086857786028321193e+01
1.397742298768395841e+00
-8.004509716178714029e+01
1.618503879775093068e+01
1.826343395166625427e+01
3.107639844314446975e+01
2.067346722996605024e+01
2.054598929268819063e+01
-5.477979346491498092e+01
1.190286173995395558e+01
1.009682059806819865e+01
-3.048094331559995851e+01
1.632827270698205524e+01
1.474501465767626840e+01
8.905430616886203410e+00
-2.845208777942650258e+00
1.865850255097777932e+01
1.108504387620313381e+01
2.610066690020165225e+01
-2.763485544489266310e+00
7.915486688252354242e+00
-2.908188783260312675e+02
-1.039368392540161778e+00
-1.186946501730491974e+02
1.640576557311304029e+00
-1.921614240470572721e+00
-5.840428328989551687e+01
1.668390649088348354e+01
-3.085693007384564623e+01
2.438788923890110993e+01
8.192295391441586361e-01
9.200495608850612683e+00
-2.954263350795524090e+01
9.761027625116307505e+00
-1.281560729030672086e+00
-2.360298060477416584e+02
7.528802886373245684e+00
8.690579470321914357e+00
-1.710869353167319673e+01
-3.068715233732270065e+01
-1.073959021339422648e+01
1.119358777121546566e+01
1.168679680322723868e+01
1.163358340819897663e+01
1.419348728870790666e+01
6.601102476124683704e+00
-3.184326123868899217e+01
-7.477889648340314110e+00
8.060761110671005980e+00
-7.891120998897608985e+00
1.036618506043694765e+01
-1.021412142881309393e+02
-5.758531410728774347e+01
1.419734597324420733e+01
7.855981289969109049e+00
8.790298829881262321e-01
1.021034138277305914e+01
-6.410242998027886330e+00
7.839655690612429062e+00
3.534348416362252721e+01
-1.159985905912299664e-01
-4.609290926744276540e+00
-4.507737292034658338e+00
6.965180037962593218e+00
2.042413097953585677e+01
3.355408049337996346e+01
1.843410228484471247e+01
-2.946751461347099532e+00
9.431729337740241803e+00
8.895579107322763690e+00
-9.617133613678937820e+01
-6.538854404233406470e+00
-1.597664988975557421e+00
-8.076221385703357569e+00
-1.468465400227269946e+01
-1.010605267405946428e+01
-7.043157433367660758e+01
9.151643440375991645e+00
-1.855592171863406303e+00
6.729992855849248556e+00
1.655322770993320347e+01
2.506056283835938814e+01
1.527803431882561469e+01
-2.100810060433191211e+02
-3.325972025570690249e+01
-2.208484855736680075e+01
-7.055982440441033177e-02
-5.760409979064598929e+01
1.611036509485413859e+01
-9.555054435566908921e+00
9.167031311877586575e+00
1.269554188405558559e+00
3.108694406699012092e+01
1.091787402399344842e+01
5.244143347089449847e+00
-1.767234291446571959e+01
-4.768961784915055091e+01
-2.238690822377908951e+00
4.326426733791329582e+00
