-1.221490514785134174e+01
-7.340853716957781216e+00
6.030207496891785368e+00
-3.549070452087355498e+00
1.098012754144448344e+01
3.503437134703714761e+00
-2.654320478914943848e+01
-1.291347498885653255e-01
6.804834752420390043e-01
-6.695652350680939335e+00
-1.740263313457772938e+02
5.065162764373920545e-01
5.216936180496738018e+00
1.035652870840526418e+01
3.016145722517725725e-01
6.913352730578778527e+00
2.635487948272206893e+00
6.998062062898402935e+00
1.393366497927997472e+01
1.063322586573283957e+01
7.429296149200273369e+00
-1.529005234324701945e+01
1.191292030744989106e+01
4.540946022885119504e+00
-8.364268800866238252e+00
8.870517706396090496e-01
-1.158345763309663923e+01
-3.569496980859669044e+00
4.194694018628464249e+00
9.343651750728565464e-02
-7.424062941812801242e+00
3.756361887760979013e+00
-2.502888452233455041e+01
3.380696072609293168e+00
6.889131226386989049e+00
3.859043340582325454e-01
5.902271730138776817e+00
3.628468917129407778e+00
-1.117458831192720581e+01
1.178029025480097403e+01
3.080518228260777924e+00
3.149005244714345508e+00
-1.074201835497139079e+01
9.882351053845359612e-01
1.661411608232459258e+01
-3.674826320163185223e+00
3.823194654106404133e+00
2.161471196409452844e+00
-6.128607705565168118e+01
-1.619793167640040465e+01
-3.377557641326039573e+01
7.024080516294917587e+00
-1.719940947383248098e+00
6.302729884662156001e-01
6.377250181374429339e+00
-1.566808950154450208e+00
3.423159326884514631e+00
2.230687408990793763e+00
1.327213659316844740e+01
-6.927365935955653242e+01
-5.070448063909791614e+01
-3.413558918532208963e+01
-6.822690455969210177e+01
-1.841932456409688967e+01
-1.704011250976411151e+00
-8.727390518844813982e+01
1.376618953102089193e+01
-1.488989646020835167e+00
-2.493427035168488004e+01
5.293895830893434074e+00
1.316825186131399938e+01
-2.466824897499648728e+01
1.480908778975901363e+01
-1.049297884415145319e+02
-3.514658746079022222e+01
-2.324650624616301542e+01
-2.430900774227357619e+00
-1.230528953989395191e+01
-4.518858303965242129e+01
8.268269889589760169e+00
2.219965553264679148e+00
-6.148201970131378147e+01
4.981681142776314353e+00
1.439422525960296717e+01
-5.597268336775419328e+01
1.536200535306148396e+01
2.115964520844546115e+00
-2.603381932613047312e+01
2.890076329155164103e+00
-4.458094819295868483e+00
-1.123559339431511095e+00
-8.294350797918044194e+00
9.178747516283087826e-01
4.403109240835689775e+00
6.498946024980234881e+00
7.979676050227647366e+00
-7.623002793517358100e+01
3.317455789319007753e+00
-1.773504517279858916e+00
-8.401388124906571164e+00
9.624896512664218307e-01
3.148879104608167667e-01
8.977830048619324099e-01
4.670320185864831330e-01
9.639453214476043641e-01
9.303153456947947930e-01
8.108403329293989437e-02
3.982204367974783166e-01
2.272847900712395841e-01
7.985206890442022587e-01
6.929821547008152560e-02
8.024190214800116516e-01
6.704798472688732192e-01
1.269053822432953949e-01
7.049743352323050161e-01
5.666885987063170482e-01
1.536487787605795852e-01
2.881724984501279341e-01
7.073321933681888662e-01
8.919176178934885568e-01
4.914064548581458247e-01
1.468642989853298220e-01
2.970868176158494300e-01
6.520890099671389217e-01
4.920727788427289306e-01
8.554103823698233633e-02
7.979102770377209941e-01
4.682468560591419582e-01
6.710472610741277100e-01
3.077474877827544031e-01
6.682237350524922181e-01
2.181051919958572061e-01
8.071065600247671057e-01
6.617550390087717505e-01
4.945907557618210992e-01
5.147119339136340121e-01
8.428330266468029297e-01
1.843196002860717497e-01
1.572572088152007774e-01
7.862714321204529178e-01
8.547820581330612955e-01
7.632571950126965099e-02
8.466591877647189346e-01
3.897823435071759990e-01
9.136780901226996265e-01
3.625609290606650603e-01
7.469958724773404501e-01
7.688487590716177600e-01
3.993005201211301536e-01
2.886338968502459856e-01
9.021144028134384651e-01
1.480724919555409524e-01
7.356297553864841188e-01
2.209970274754597952e-01
3.659832835652176986e-02
3.745186658465481377e-01
5.894547403421511733e-01
3.964880414107070372e-01
3.377226765743689407e-01
7.841596171081344213e-02
8.645134359764649057e-01
1.415117934012803946e-01
1.164451093922166391e-01
1.382482883784900141e-01
9.134325523829446292e-01
7.784939881118683180e-01
3.063532177020102942e-01
2.426126994548621907e-01
1.898813756151860321e-01
8.914527778200092012e-01
6.167404875863643499e-01
4.902505815575908255e-01
5.251487572704710560e-01
8.127853304660317413e-01
3.795846658866846024e-01
6.674800860877769804e-01
7.869769741696416299e-01
2.446577331918664555e-02
9.015708240440496457e-01
9.307955413929499544e-01
4.508301572699821014e-01
9.167646683898057480e-01
1.606402078136471845e-01
8.950171849493675502e-01
3.597349288709043025e-01
2.546445979491916978e-01
5.033546925860953314e-01
6.744350230318363337e-02
5.379817386963045012e-01
7.620113805050492406e-01
7.307220666926654840e-01
4.245625334810597673e-01
3.096767574583688676e-01
4.755241234992654276e-01
9.812872874169713544e-01
1.981224104151703136e-01
8.955166323500923786e-01
5.476822339121154570e-01
5.458548387798916046e-01
6.609909603392888355e-01
0.000000000000000000e+00
0.000000000000000000e+00
0.000000000000000000e+00
0.000000000000000000e+00
0.000000000000000000e+00
0.000000000000000000e+00
0.000000000000000000e+00
0.000000000000000000e+00
0.000000000000000000e+00
0.000000000000000000e+00
0.000000000000000000e+00
0.000000000000000000e+00
0.000000000000000000e+00
0.000000000000000000e+00
0.000000000000000000e+00
0.000000000000000000e+00
0.000000000000000000e+00
0.000000000000000000e+00
0.000000000000000000e+00
0.000000000000000000e+00
0.000000000000000000e+00
0.000000000000000000e+00
0.000000000000000000e+00
0.000000000000000000e+00
0.000000000000000000e+00
0.000000000000000000e+00
0.000000000000000000e+00
0.000000000000000000e+00
0.000000000000000000e+00
0.000000000000000000e+00
0.000000000000000000e+00
0.000000000000000000e+00
0.000000000000000000e+00
0.000000000000000000e+00
0.000000000000000000e+00
0.000000000000000000e+00
0.000000000000000000e+00
0.000000000000000000e+00
0.000000000000000000e+00
0.000000000000000000e+00
0.000000000000000000e+00
0.000000000000000000e+00
0.000000000000000000e+00
0.000000000000000000e+00
0.000000000000000000e+00
0.000000000000000000e+00
0.000000000000000000e+00
0.000000000000000000e+00
0.000000000000000000e+00
0.000000000000000000e+00
0.000000000000000000e+00
0.000000000000000000e+00
0.000000000000000000e+00
0.000000000000000000e+00
0.000000000000000000e+00
0.000000000000000000e+00
0.000000000000000000e+00
0.000000000000000000e+00
0.000000000000000000e+00
0.000000000000000000e+00
0.000000000000000000e+00
0.000000000000000000e+00
0.000000000000000000e+00
0.000000000000000000e+00
0.000000000000000000e+00
0.000000000000000000e+00
0.000000000000000000e+00
0.000000000000000000e+00
0.000000000000000000e+00
0.000000000000000000e+00
0.000000000000000000e+00
0.000000000000000000e+00
0.000000000000000000e+00
0.000000000000000000e+00
0.000000000000000000e+00
0.000000000000000000e+00
0.000000000000000000e+00
0.000000000000000000e+00
0.000000000000000000e+00
0.000000000000000000e+00
0.000000000000000000e+00
0.000000000000000000e+00
0.000000000000000000e+00
0.000000000000000000e+00
0.000000000000000000e+00
0.000000000000000000e+00
0.000000000000000000e+00
0.000000000000000000e+00
0.000000000000000000e+00
0.000000000000000000e+00
0.000000000000000000e+00
0.000000000000000000e+00
0.000000000000000000e+00
0.000000000000000000e+00
0.000000000000000000e+00
0.000000000000000000e+00
0.000000000000000000e+00
0.000000000000000000e+00
0.000000000000000000e+00
0.000000000000000000e+00
