9.999999389648437500e+02
0.000000000000000000e+00
0.000000000000000000e+00
9.999999389648437500e+02
9.999999389648437500e+02
0.000000000000000000e+00
9.999999389648437500e+02
0.000000000000000000e+00
9.999999389648437500e+02
0.000000000000000000e+00
0.000000000000000000e+00
0.000000000000000000e+00
0.000000000000000000e+00
0.000000000000000000e+00
0.000000000000000000e+00
0.000000000000000000e+00
0.000000000000000000e+00
0.000000000000000000e+00
9.999999389648437500e+02
0.000000000000000000e+00
9.999999389648437500e+02
0.000000000000000000e+00
9.999999389648437500e+02
0.000000000000000000e+00
0.000000000000000000e+00
0.000000000000000000e+00
9.999999389648437500e+02
0.000000000000000000e+00
0.000000000000000000e+00
0.000000000000000000e+00
0.000000000000000000e+00
0.000000000000000000e+00
0.000000000000000000e+00
0.000000000000000000e+00
9.999999389648437500e+02
9.999999389648437500e+02
0.000000000000000000e+00
0.000000000000000000e+00
0.000000000000000000e+00
9.999999389648437500e+02
9.999999389648437500e+02
0.000000000000000000e+00
9.999999389648437500e+02
0.000000000000000000e+00
0.000000000000000000e+00
9.999999389648437500e+02
0.000000000000000000e+00
0.000000000000000000e+00
0.000000000000000000e+00
0.000000000000000000e+00
0.000000000000000000e+00
0.000000000000000000e+00
9.999999389648437500e+02
0.000000000000000000e+00
0.000000000000000000e+00
0.000000000000000000e+00
0.000000000000000000e+00
0.000000000000000000e+00
0.000000000000000000e+00
0.000000000000000000e+00
0.000000000000000000e+00
0.000000000000000000e+00
0.000000000000000000e+00
0.000000000000000000e+00
9.999999389648437500e+02
0.000000000000000000e+00
0.000000000000000000e+00
0.000000000000000000e+00
9.999999389648437500e+02
0.000000000000000000e+00
9.999999389648437500e+02
0.000000000000000000e+00
0.000000000000000000e+00
0.000000000000000000e+00
0.000000000000000000e+00
0.000000000000000000e+00
0.000000000000000000e+00
0.000000000000000000e+00
9.999999389648437500e+02
0.000000000000000000e+00
0.000000000000000000e+00
0.000000000000000000e+00
0.000000000000000000e+00
0.000000000000000000e+00
0.000000000000000000e+00
0.000000000000000000e+00
9.999999389648437500e+02
0.000000000000000000e+00
0.000000000000000000e+00
0.000000000000000000e+00
0.000000000000000000e+00
9.999999389648437500e+02
9.999999389648437500e+02
0.000000000000000000e+00
9.999999389648437500e+02
9.999999389648437500e+02
0.000000000000000000e+00
0.000000000000000000e+00
0.000000000000000000e+00
0.000000000000000000e+00
0.000000000000000000e+00
9.999999389648437500e+02
0.000000000000000000e+00
9.999999389648437500e+02
0.000000000000000000e+00
0.000000000000000000e+00
0.000000000000000000e+00
9.999999389648437500e+02
9.999999389648437500e+02
0.000000000000000000e+00
0.000000000000000000e+00
0.000000000000000000e+00
0.000000000000000000e+00
0.000000000000000000e+00
0.000000000000000000e+00
0.000000000000000000e+00
0.000000000000000000e+00
0.000000000000000000e+00
9.999999389648437500e+02
0.000000000000000000e+00
0.000000000000000000e+00
0.000000000000000000e+00
0.000000000000000000e+00
0.000000000000000000e+00
0.000000000000000000e+00
0.000000000000000000e+00
0.000000000000000000e+00
0.000000000000000000e+00
0.000000000000000000e+00
0.000000000000000000e+00
0.000000000000000000e+00
0.000000000000000000e+00
0.000000000000000000e+00
0.000000000000000000e+00
0.000000000000000000e+00
0.000000000000000000e+00
0.000000000000000000e+00
0.000000000000000000e+00
0.000000000000000000e+00
0.000000000000000000e+00
0.000000000000000000e+00
0.000000000000000000e+00
0.000000000000000000e+00
0.000000000000000000e+00
0.000000000000000000e+00
0.000000000000000000e+00
0.000000000000000000e+00
0.000000000000000000e+00
9.999999389648437500e+02
0.000000000000000000e+00
0.000000000000000000e+00
0.000000000000000000e+00
0.000000000000000000e+00
0.000000000000000000e+00
0.000000000000000000e+00
0.000000000000000000e+00
0.000000000000000000e+00
0.000000000000000000e+00
0.000000000000000000e+00
0.000000000000000000e+00
0.000000000000000000e+00
0.000000000000000000e+00
0.000000000000000000e+00
0.000000000000000000e+00
0.000000000000000000e+00
0.000000000000000000e+00
0.000000000000000000e+00
0.000000000000000000e+00
0.000000000000000000e+00
0.000000000000000000e+00
0.000000000000000000e+00
0.000000000000000000e+00
0.000000000000000000e+00
0.000000000000000000e+00
0.000000000000000000e+00
0.000000000000000000e+00
0.000000000000000000e+00
0.000000000000000000e+00
0.000000000000000000e+00
0.000000000000000000e+00
0.000000000000000000e+00
0.000000000000000000e+00
0.000000000000000000e+00
0.000000000000000000e+00
0.000000000000000000e+00
0.000000000000000000e+00
0.000000000000000000e+00
0.000000000000000000e+00
0.000000000000000000e+00
0.000000000000000000e+00
0.000000000000000000e+00
0.000000000000000000e+00
0.000000000000000000e+00
0.000000000000000000e+00
0.000000000000000000e+00
0.000000000000000000e+00
0.000000000000000000e+00
0.000000000000000000e+00
0.000000000000000000e+00
0.000000000000000000e+00
9.999999389648437500e+02
9.999999389648437500e+02
0.000000000000000000e+00
0.000000000000000000e+00
0.000000000000000000e+00
0.000000000000000000e+00
0.000000000000000000e+00
0.000000000000000000e+00
0.000000000000000000e+00
0.000000000000000000e+00
9.999999389648437500e+02
0.000000000000000000e+00
0.000000000000000000e+00
9.999999389648437500e+02
0.000000000000000000e+00
0.000000000000000000e+00
0.000000000000000000e+00
9.999999389648437500e+02
9.999999389648437500e+02
0.000000000000000000e+00
0.000000000000000000e+00
0.000000000000000000e+00
9.999999389648437500e+02
0.000000000000000000e+00
9.999999389648437500e+02
0.000000000000000000e+00
9.999999389648437500e+02
0.000000000000000000e+00
0.000000000000000000e+00
0.000000000000000000e+00
9.999999389648437500e+02
9.999999389648437500e+02
0.000000000000000000e+00
0.000000000000000000e+00
0.000000000000000000e+00
0.000000000000000000e+00
0.000000000000000000e+00
0.000000000000000000e+00
9.999999389648437500e+02
0.000000000000000000e+00
0.000000000000000000e+00
0.000000000000000000e+00
0.000000000000000000e+00
0.000000000000000000e+00
9.999999389648437500e+02
0.000000000000000000e+00
9.999999389648437500e+02
0.000000000000000000e+00
0.000000000000000000e+00
0.000000000000000000e+00
0.000000000000000000e+00
0.000000000000000000e+00
0.000000000000000000e+00
9.999999389648437500e+02
0.000000000000000000e+00
0.000000000000000000e+00
0.000000000000000000e+00
0.000000000000000000e+00
0.000000000000000000e+00
0.000000000000000000e+00
0.000000000000000000e+00
0.000000000000000000e+00
0.000000000000000000e+00
0.000000000000000000e+00
0.000000000000000000e+00
0.000000000000000000e+00
0.000000000000000000e+00
0.000000000000000000e+00
0.000000000000000000e+00
0.000000000000000000e+00
0.000000000000000000e+00
0.000000000000000000e+00
0.000000000000000000e+00
0.000000000000000000e+00
0.000000000000000000e+00
0.000000000000000000e+00
0.000000000000000000e+00
0.000000000000000000e+00
0.000000000000000000e+00
0.000000000000000000e+00
0.000000000000000000e+00
0.000000000000000000e+00
0.000000000000000000e+00
0.000000000000000000e+00
0.000000000000000000e+00
0.000000000000000000e+00
0.000000000000000000e+00
0.000000000000000000e+00
0.000000000000000000e+00
0.000000000000000000e+00
0.000000000000000000e+00
0.000000000000000000e+00
0.000000000000000000e+00
0.000000000000000000e+00
9.999999389648437500e+02
0.000000000000000000e+00
0.000000000000000000e+00
0.000000000000000000e+00
0.000000000000000000e+00
0.000000000000000000e+00
0.000000000000000000e+00
0.000000000000000000e+00
0.000000000000000000e+00
0.000000000000000000e+00
0.000000000000000000e+00
9.999999389648437500e+02
0.000000000000000000e+00
0.000000000000000000e+00
0.000000000000000000e+00
0.000000000000000000e+00
0.000000000000000000e+00
0.000000000000000000e+00
0.000000000000000000e+00
0.000000000000000000e+00
0.000000000000000000e+00
0.000000000000000000e+00
0.000000000000000000e+00
0.000000000000000000e+00
0.000000000000000000e+00
0.000000000000000000e+00
0.000000000000000000e+00
0.000000000000000000e+00
0.000000000000000000e+00
0.000000000000000000e+00
0.000000000000000000e+00
0.000000000000000000e+00
0.000000000000000000e+00
0.000000000000000000e+00
0.000000000000000000e+00
0.000000000000000000e+00
0.000000000000000000e+00
0.000000000000000000e+00
0.000000000000000000e+00
0.000000000000000000e+00
0.000000000000000000e+00
0.000000000000000000e+00
0.000000000000000000e+00
0.000000000000000000e+00
0.000000000000000000e+00
0.000000000000000000e+00
0.000000000000000000e+00
0.000000000000000000e+00
0.000000000000000000e+00
0.000000000000000000e+00
0.000000000000000000e+00
0.000000000000000000e+00
9.999999389648437500e+02
0.000000000000000000e+00
0.000000000000000000e+00
0.000000000000000000e+00
0.000000000000000000e+00
0.000000000000000000e+00
0.000000000000000000e+00
0.000000000000000000e+00
0.000000000000000000e+00
0.000000000000000000e+00
0.000000000000000000e+00
0.000000000000000000e+00
0.000000000000000000e+00
9.999999389648437500e+02
0.000000000000000000e+00
0.000000000000000000e+00
0.000000000000000000e+00
0.000000000000000000e+00
0.000000000000000000e+00
0.000000000000000000e+00
0.000000000000000000e+00
0.000000000000000000e+00
0.000000000000000000e+00
0.000000000000000000e+00
0.000000000000000000e+00
9.999999389648437500e+02
0.000000000000000000e+00
0.000000000000000000e+00
0.000000000000000000e+00
9.999999389648437500e+02
9.999999389648437500e+02
0.000000000000000000e+00
0.000000000000000000e+00
0.000000000000000000e+00
0.000000000000000000e+00
0.000000000000000000e+00
0.000000000000000000e+00
0.000000000000000000e+00
0.000000000000000000e+00
0.000000000000000000e+00
0.000000000000000000e+00
0.000000000000000000e+00
0.000000000000000000e+00
0.000000000000000000e+00
0.000000000000000000e+00
0.000000000000000000e+00
0.000000000000000000e+00
0.000000000000000000e+00
0.000000000000000000e+00
0.000000000000000000e+00
0.000000000000000000e+00
0.000000000000000000e+00
0.000000000000000000e+00
0.000000000000000000e+00
0.000000000000000000e+00
0.000000000000000000e+00
0.000000000000000000e+00
0.000000000000000000e+00
0.000000000000000000e+00
0.000000000000000000e+00
0.000000000000000000e+00
0.000000000000000000e+00
0.000000000000000000e+00
0.000000000000000000e+00
0.000000000000000000e+00
0.000000000000000000e+00
0.000000000000000000e+00
0.000000000000000000e+00
0.000000000000000000e+00
0.000000000000000000e+00
0.000000000000000000e+00
0.000000000000000000e+00
0.000000000000000000e+00
0.000000000000000000e+00
9.999999389648437500e+02
0.000000000000000000e+00
0.000000000000000000e+00
0.000000000000000000e+00
0.000000000000000000e+00
0.000000000000000000e+00
0.000000000000000000e+00
0.000000000000000000e+00
0.000000000000000000e+00
0.000000000000000000e+00
0.000000000000000000e+00
0.000000000000000000e+00
0.000000000000000000e+00
0.000000000000000000e+00
0.000000000000000000e+00
0.000000000000000000e+00
0.000000000000000000e+00
9.999999389648437500e+02
0.000000000000000000e+00
0.000000000000000000e+00
0.000000000000000000e+00
0.000000000000000000e+00
0.000000000000000000e+00
0.000000000000000000e+00
0.000000000000000000e+00
0.000000000000000000e+00
0.000000000000000000e+00
0.000000000000000000e+00
0.000000000000000000e+00
0.000000000000000000e+00
0.000000000000000000e+00
0.000000000000000000e+00
0.000000000000000000e+00
0.000000000000000000e+00
9.999999389648437500e+02
0.000000000000000000e+00
0.000000000000000000e+00
0.000000000000000000e+00
0.000000000000000000e+00
0.000000000000000000e+00
0.000000000000000000e+00
9.999999389648437500e+02
0.000000000000000000e+00
0.000000000000000000e+00
0.000000000000000000e+00
0.000000000000000000e+00
0.000000000000000000e+00
0.000000000000000000e+00
0.000000000000000000e+00
0.000000000000000000e+00
0.000000000000000000e+00
0.000000000000000000e+00
0.000000000000000000e+00
0.000000000000000000e+00
0.000000000000000000e+00
0.000000000000000000e+00
0.000000000000000000e+00
0.000000000000000000e+00
0.000000000000000000e+00
0.000000000000000000e+00
0.000000000000000000e+00
0.000000000000000000e+00
0.000000000000000000e+00
0.000000000000000000e+00
0.000000000000000000e+00
0.000000000000000000e+00
0.000000000000000000e+00
0.000000000000000000e+00
0.000000000000000000e+00
0.000000000000000000e+00
9.999999389648437500e+02
0.000000000000000000e+00
0.000000000000000000e+00
0.000000000000000000e+00
0.000000000000000000e+00
0.000000000000000000e+00
0.000000000000000000e+00
0.000000000000000000e+00
0.000000000000000000e+00
0.000000000000000000e+00
0.000000000000000000e+00
0.000000000000000000e+00
0.000000000000000000e+00
0.000000000000000000e+00
0.000000000000000000e+00
0.000000000000000000e+00
0.000000000000000000e+00
0.000000000000000000e+00
0.000000000000000000e+00
0.000000000000000000e+00
0.000000000000000000e+00
0.000000000000000000e+00
0.000000000000000000e+00
0.000000000000000000e+00
0.000000000000000000e+00
0.000000000000000000e+00
0.000000000000000000e+00
0.000000000000000000e+00
0.000000000000000000e+00
0.000000000000000000e+00
0.000000000000000000e+00
0.000000000000000000e+00
0.000000000000000000e+00
0.000000000000000000e+00
0.000000000000000000e+00
0.000000000000000000e+00
0.000000000000000000e+00
0.000000000000000000e+00
0.000000000000000000e+00
0.000000000000000000e+00
9.999999389648437500e+02
0.000000000000000000e+00
0.000000000000000000e+00
0.000000000000000000e+00
0.000000000000000000e+00
0.000000000000000000e+00
0.000000000000000000e+00
0.000000000000000000e+00
0.000000000000000000e+00
0.000000000000000000e+00
0.000000000000000000e+00
0.000000000000000000e+00
0.000000000000000000e+00
0.000000000000000000e+00
9.999999389648437500e+02
0.000000000000000000e+00
0.000000000000000000e+00
0.000000000000000000e+00
0.000000000000000000e+00
0.000000000000000000e+00
0.000000000000000000e+00
0.000000000000000000e+00
0.000000000000000000e+00
0.000000000000000000e+00
0.000000000000000000e+00
0.000000000000000000e+00
0.000000000000000000e+00
0.000000000000000000e+00
0.000000000000000000e+00
0.000000000000000000e+00
0.000000000000000000e+00
0.000000000000000000e+00
0.000000000000000000e+00
0.000000000000000000e+00
0.000000000000000000e+00
0.000000000000000000e+00
0.000000000000000000e+00
0.000000000000000000e+00
0.000000000000000000e+00
0.000000000000000000e+00
0.000000000000000000e+00
0.000000000000000000e+00
0.000000000000000000e+00
0.000000000000000000e+00
0.000000000000000000e+00
0.000000000000000000e+00
0.000000000000000000e+00
9.999999389648437500e+02
0.000000000000000000e+00
0.000000000000000000e+00
0.000000000000000000e+00
0.000000000000000000e+00
0.000000000000000000e+00
0.000000000000000000e+00
0.000000000000000000e+00
0.000000000000000000e+00
0.000000000000000000e+00
0.000000000000000000e+00
0.000000000000000000e+00
0.000000000000000000e+00
0.000000000000000000e+00
9.999999389648437500e+02
0.000000000000000000e+00
0.000000000000000000e+00
0.000000000000000000e+00
0.000000000000000000e+00
0.000000000000000000e+00
9.999999389648437500e+02
0.000000000000000000e+00
0.000000000000000000e+00
0.000000000000000000e+00
0.000000000000000000e+00
0.000000000000000000e+00
0.000000000000000000e+00
0.000000000000000000e+00
9.999999389648437500e+02
0.000000000000000000e+00
0.000000000000000000e+00
0.000000000000000000e+00
0.000000000000000000e+00
0.000000000000000000e+00
0.000000000000000000e+00
0.000000000000000000e+00
0.000000000000000000e+00
0.000000000000000000e+00
0.000000000000000000e+00
0.000000000000000000e+00
0.000000000000000000e+00
0.000000000000000000e+00
0.000000000000000000e+00
0.000000000000000000e+00
0.000000000000000000e+00
0.000000000000000000e+00
0.000000000000000000e+00
0.000000000000000000e+00
0.000000000000000000e+00
0.000000000000000000e+00
0.000000000000000000e+00
9.999999389648437500e+02
9.999999389648437500e+02
0.000000000000000000e+00
0.000000000000000000e+00
0.000000000000000000e+00
0.000000000000000000e+00
0.000000000000000000e+00
9.999999389648437500e+02
0.000000000000000000e+00
0.000000000000000000e+00
0.000000000000000000e+00
0.000000000000000000e+00
0.000000000000000000e+00
0.000000000000000000e+00
0.000000000000000000e+00
0.000000000000000000e+00
0.000000000000000000e+00
0.000000000000000000e+00
9.999999389648437500e+02
0.000000000000000000e+00
0.000000000000000000e+00
0.000000000000000000e+00
0.000000000000000000e+00
0.000000000000000000e+00
0.000000000000000000e+00
0.000000000000000000e+00
0.000000000000000000e+00
0.000000000000000000e+00
0.000000000000000000e+00
0.000000000000000000e+00
0.000000000000000000e+00
0.000000000000000000e+00
0.000000000000000000e+00
0.000000000000000000e+00
0.000000000000000000e+00
0.000000000000000000e+00
0.000000000000000000e+00
0.000000000000000000e+00
0.000000000000000000e+00
0.000000000000000000e+00
0.000000000000000000e+00
0.000000000000000000e+00
0.000000000000000000e+00
0.000000000000000000e+00
0.000000000000000000e+00
0.000000000000000000e+00
0.000000000000000000e+00
0.000000000000000000e+00
0.000000000000000000e+00
0.000000000000000000e+00
0.000000000000000000e+00
0.000000000000000000e+00
0.000000000000000000e+00
0.000000000000000000e+00
0.000000000000000000e+00
0.000000000000000000e+00
0.000000000000000000e+00
0.000000000000000000e+00
0.000000000000000000e+00
0.000000000000000000e+00
9.999999389648437500e+02
0.000000000000000000e+00
0.000000000000000000e+00
0.000000000000000000e+00
0.000000000000000000e+00
0.000000000000000000e+00
0.000000000000000000e+00
0.000000000000000000e+00
0.000000000000000000e+00
0.000000000000000000e+00
0.000000000000000000e+00
0.000000000000000000e+00
0.000000000000000000e+00
0.000000000000000000e+00
0.000000000000000000e+00
0.000000000000000000e+00
0.000000000000000000e+00
0.000000000000000000e+00
0.000000000000000000e+00
0.000000000000000000e+00
0.000000000000000000e+00
9.999999389648437500e+02
0.000000000000000000e+00
9.999999389648437500e+02
0.000000000000000000e+00
9.999999389648437500e+02
0.000000000000000000e+00
9.999999389648437500e+02
9.999999389648437500e+02
0.000000000000000000e+00
0.000000000000000000e+00
0.000000000000000000e+00
0.000000000000000000e+00
0.000000000000000000e+00
0.000000000000000000e+00
0.000000000000000000e+00
0.000000000000000000e+00
0.000000000000000000e+00
0.000000000000000000e+00
0.000000000000000000e+00
0.000000000000000000e+00
0.000000000000000000e+00
0.000000000000000000e+00
0.000000000000000000e+00
0.000000000000000000e+00
0.000000000000000000e+00
0.000000000000000000e+00
0.000000000000000000e+00
0.000000000000000000e+00
0.000000000000000000e+00
0.000000000000000000e+00
0.000000000000000000e+00
0.000000000000000000e+00
0.000000000000000000e+00
0.000000000000000000e+00
0.000000000000000000e+00
0.000000000000000000e+00
0.000000000000000000e+00
0.000000000000000000e+00
0.000000000000000000e+00
9.999999389648437500e+02
0.000000000000000000e+00
0.000000000000000000e+00
9.999999389648437500e+02
0.000000000000000000e+00
0.000000000000000000e+00
0.000000000000000000e+00
0.000000000000000000e+00
0.000000000000000000e+00
0.000000000000000000e+00
0.000000000000000000e+00
0.000000000000000000e+00
0.000000000000000000e+00
0.000000000000000000e+00
0.000000000000000000e+00
0.000000000000000000e+00
9.999999389648437500e+02
0.000000000000000000e+00
0.000000000000000000e+00
0.000000000000000000e+00
9.999999389648437500e+02
0.000000000000000000e+00
0.000000000000000000e+00
0.000000000000000000e+00
0.000000000000000000e+00
0.000000000000000000e+00
0.000000000000000000e+00
0.000000000000000000e+00
0.000000000000000000e+00
0.000000000000000000e+00
0.000000000000000000e+00
0.000000000000000000e+00
0.000000000000000000e+00
0.000000000000000000e+00
0.000000000000000000e+00
0.000000000000000000e+00
0.000000000000000000e+00
0.000000000000000000e+00
0.000000000000000000e+00
0.000000000000000000e+00
9.999999389648437500e+02
0.000000000000000000e+00
0.000000000000000000e+00
0.000000000000000000e+00
0.000000000000000000e+00
0.000000000000000000e+00
0.000000000000000000e+00
0.000000000000000000e+00
0.000000000000000000e+00
0.000000000000000000e+00
0.000000000000000000e+00
0.000000000000000000e+00
9.999999389648437500e+02
0.000000000000000000e+00
0.000000000000000000e+00
0.000000000000000000e+00
0.000000000000000000e+00
0.000000000000000000e+00
0.000000000000000000e+00
0.000000000000000000e+00
0.000000000000000000e+00
0.000000000000000000e+00
0.000000000000000000e+00
0.000000000000000000e+00
0.000000000000000000e+00
0.000000000000000000e+00
0.000000000000000000e+00
0.000000000000000000e+00
0.000000000000000000e+00
0.000000000000000000e+00
0.000000000000000000e+00
0.000000000000000000e+00
0.000000000000000000e+00
0.000000000000000000e+00
0.000000000000000000e+00
0.000000000000000000e+00
0.000000000000000000e+00
0.000000000000000000e+00
0.000000000000000000e+00
0.000000000000000000e+00
0.000000000000000000e+00
0.000000000000000000e+00
0.000000000000000000e+00
0.000000000000000000e+00
0.000000000000000000e+00
0.000000000000000000e+00
0.000000000000000000e+00
0.000000000000000000e+00
0.000000000000000000e+00
0.000000000000000000e+00
0.000000000000000000e+00
0.000000000000000000e+00
0.000000000000000000e+00
0.000000000000000000e+00
0.000000000000000000e+00
0.000000000000000000e+00
0.000000000000000000e+00
0.000000000000000000e+00
0.000000000000000000e+00
0.000000000000000000e+00
0.000000000000000000e+00
0.000000000000000000e+00
0.000000000000000000e+00
0.000000000000000000e+00
0.000000000000000000e+00
0.000000000000000000e+00
0.000000000000000000e+00
0.000000000000000000e+00
0.000000000000000000e+00
0.000000000000000000e+00
0.000000000000000000e+00
0.000000000000000000e+00
0.000000000000000000e+00
0.000000000000000000e+00
0.000000000000000000e+00
0.000000000000000000e+00
0.000000000000000000e+00
0.000000000000000000e+00
0.000000000000000000e+00
0.000000000000000000e+00
0.000000000000000000e+00
0.000000000000000000e+00
0.000000000000000000e+00
0.000000000000000000e+00
0.000000000000000000e+00
0.000000000000000000e+00
0.000000000000000000e+00
0.000000000000000000e+00
9.999999389648437500e+02
0.000000000000000000e+00
0.000000000000000000e+00
0.000000000000000000e+00
0.000000000000000000e+00
0.000000000000000000e+00
0.000000000000000000e+00
0.000000000000000000e+00
0.000000000000000000e+00
0.000000000000000000e+00
0.000000000000000000e+00
0.000000000000000000e+00
0.000000000000000000e+00
0.000000000000000000e+00
0.000000000000000000e+00
0.000000000000000000e+00
0.000000000000000000e+00
0.000000000000000000e+00
0.000000000000000000e+00
0.000000000000000000e+00
0.000000000000000000e+00
0.000000000000000000e+00
0.000000000000000000e+00
0.000000000000000000e+00
0.000000000000000000e+00
0.000000000000000000e+00
0.000000000000000000e+00
0.000000000000000000e+00
0.000000000000000000e+00
0.000000000000000000e+00
0.000000000000000000e+00
0.000000000000000000e+00
0.000000000000000000e+00
0.000000000000000000e+00
0.000000000000000000e+00
0.000000000000000000e+00
0.000000000000000000e+00
0.000000000000000000e+00
9.999999389648437500e+02
0.000000000000000000e+00
0.000000000000000000e+00
0.000000000000000000e+00
0.000000000000000000e+00
0.000000000000000000e+00
0.000000000000000000e+00
0.000000000000000000e+00
0.000000000000000000e+00
0.000000000000000000e+00
0.000000000000000000e+00
0.000000000000000000e+00
0.000000000000000000e+00
0.000000000000000000e+00
0.000000000000000000e+00
0.000000000000000000e+00
0.000000000000000000e+00
0.000000000000000000e+00
0.000000000000000000e+00
0.000000000000000000e+00
9.999999389648437500e+02
0.000000000000000000e+00
0.000000000000000000e+00
0.000000000000000000e+00
0.000000000000000000e+00
0.000000000000000000e+00
0.000000000000000000e+00
0.000000000000000000e+00
0.000000000000000000e+00
0.000000000000000000e+00
0.000000000000000000e+00
0.000000000000000000e+00
0.000000000000000000e+00
0.000000000000000000e+00
0.000000000000000000e+00
0.000000000000000000e+00
0.000000000000000000e+00
0.000000000000000000e+00
0.000000000000000000e+00
0.000000000000000000e+00
0.000000000000000000e+00
0.000000000000000000e+00
0.000000000000000000e+00
0.000000000000000000e+00
0.000000000000000000e+00
0.000000000000000000e+00
0.000000000000000000e+00
0.000000000000000000e+00
0.000000000000000000e+00
0.000000000000000000e+00
0.000000000000000000e+00
0.000000000000000000e+00
0.000000000000000000e+00
0.000000000000000000e+00
9.999999389648437500e+02
0.000000000000000000e+00
0.000000000000000000e+00
0.000000000000000000e+00
0.000000000000000000e+00
0.000000000000000000e+00
0.000000000000000000e+00
0.000000000000000000e+00
0.000000000000000000e+00
0.000000000000000000e+00
0.000000000000000000e+00
0.000000000000000000e+00
0.000000000000000000e+00
0.000000000000000000e+00
0.000000000000000000e+00
0.000000000000000000e+00
0.000000000000000000e+00
0.000000000000000000e+00
0.000000000000000000e+00
0.000000000000000000e+00
0.000000000000000000e+00
0.000000000000000000e+00
0.000000000000000000e+00
9.999999389648437500e+02
0.000000000000000000e+00
0.000000000000000000e+00
0.000000000000000000e+00
0.000000000000000000e+00
9.999999389648437500e+02
0.000000000000000000e+00
0.000000000000000000e+00
0.000000000000000000e+00
0.000000000000000000e+00
0.000000000000000000e+00
0.000000000000000000e+00
0.000000000000000000e+00
0.000000000000000000e+00
0.000000000000000000e+00
0.000000000000000000e+00
9.999999389648437500e+02
0.000000000000000000e+00
0.000000000000000000e+00
0.000000000000000000e+00
0.000000000000000000e+00
0.000000000000000000e+00
0.000000000000000000e+00
0.000000000000000000e+00
0.000000000000000000e+00
0.000000000000000000e+00
0.000000000000000000e+00
0.000000000000000000e+00
9.999999389648437500e+02
0.000000000000000000e+00
0.000000000000000000e+00
0.000000000000000000e+00
0.000000000000000000e+00
0.000000000000000000e+00
0.000000000000000000e+00
0.000000000000000000e+00
0.000000000000000000e+00
0.000000000000000000e+00
0.000000000000000000e+00
0.000000000000000000e+00
0.000000000000000000e+00
0.000000000000000000e+00
0.000000000000000000e+00
0.000000000000000000e+00
0.000000000000000000e+00
0.000000000000000000e+00
0.000000000000000000e+00
0.000000000000000000e+00
0.000000000000000000e+00
0.000000000000000000e+00
0.000000000000000000e+00
0.000000000000000000e+00
0.000000000000000000e+00
0.000000000000000000e+00
0.000000000000000000e+00
0.000000000000000000e+00
0.000000000000000000e+00
0.000000000000000000e+00
0.000000000000000000e+00
0.000000000000000000e+00
0.000000000000000000e+00
0.000000000000000000e+00
0.000000000000000000e+00
0.000000000000000000e+00
0.000000000000000000e+00
0.000000000000000000e+00
0.000000000000000000e+00
9.999999389648437500e+02
0.000000000000000000e+00
0.000000000000000000e+00
0.000000000000000000e+00
0.000000000000000000e+00
0.000000000000000000e+00
0.000000000000000000e+00
0.000000000000000000e+00
0.000000000000000000e+00
0.000000000000000000e+00
0.000000000000000000e+00
0.000000000000000000e+00
0.000000000000000000e+00
0.000000000000000000e+00
0.000000000000000000e+00
0.000000000000000000e+00
0.000000000000000000e+00
0.000000000000000000e+00
0.000000000000000000e+00
0.000000000000000000e+00
0.000000000000000000e+00
9.999999389648437500e+02
0.000000000000000000e+00
0.000000000000000000e+00
0.000000000000000000e+00
0.000000000000000000e+00
0.000000000000000000e+00
0.000000000000000000e+00
0.000000000000000000e+00
0.000000000000000000e+00
9.999999389648437500e+02
9.999999389648437500e+02
0.000000000000000000e+00
0.000000000000000000e+00
9.999999389648437500e+02
0.000000000000000000e+00
0.000000000000000000e+00
9.999999389648437500e+02
0.000000000000000000e+00
9.999999389648437500e+02
9.999999389648437500e+02
0.000000000000000000e+00
0.000000000000000000e+00
0.000000000000000000e+00
0.000000000000000000e+00
0.000000000000000000e+00
0.000000000000000000e+00
0.000000000000000000e+00
0.000000000000000000e+00
0.000000000000000000e+00
0.000000000000000000e+00
0.000000000000000000e+00
0.000000000000000000e+00
0.000000000000000000e+00
0.000000000000000000e+00
0.000000000000000000e+00
0.000000000000000000e+00
0.000000000000000000e+00
0.000000000000000000e+00
0.000000000000000000e+00
0.000000000000000000e+00
0.000000000000000000e+00
0.000000000000000000e+00
0.000000000000000000e+00
0.000000000000000000e+00
0.000000000000000000e+00
0.000000000000000000e+00
0.000000000000000000e+00
0.000000000000000000e+00
9.999999389648437500e+02
9.999999389648437500e+02
0.000000000000000000e+00
0.000000000000000000e+00
0.000000000000000000e+00
0.000000000000000000e+00
0.000000000000000000e+00
0.000000000000000000e+00
0.000000000000000000e+00
0.000000000000000000e+00
0.000000000000000000e+00
0.000000000000000000e+00
0.000000000000000000e+00
9.999999389648437500e+02
0.000000000000000000e+00
0.000000000000000000e+00
0.000000000000000000e+00
0.000000000000000000e+00
0.000000000000000000e+00
0.000000000000000000e+00
0.000000000000000000e+00
0.000000000000000000e+00
0.000000000000000000e+00
0.000000000000000000e+00
0.000000000000000000e+00
0.000000000000000000e+00
0.000000000000000000e+00
0.000000000000000000e+00
0.000000000000000000e+00
0.000000000000000000e+00
0.000000000000000000e+00
0.000000000000000000e+00
0.000000000000000000e+00
0.000000000000000000e+00
0.000000000000000000e+00
0.000000000000000000e+00
0.000000000000000000e+00
0.000000000000000000e+00
0.000000000000000000e+00
0.000000000000000000e+00
0.000000000000000000e+00
0.000000000000000000e+00
0.000000000000000000e+00
0.000000000000000000e+00
0.000000000000000000e+00
0.000000000000000000e+00
0.000000000000000000e+00
0.000000000000000000e+00
9.999999389648437500e+02
0.000000000000000000e+00
0.000000000000000000e+00
0.000000000000000000e+00
0.000000000000000000e+00
0.000000000000000000e+00
0.000000000000000000e+00
0.000000000000000000e+00
0.000000000000000000e+00
0.000000000000000000e+00
0.000000000000000000e+00
0.000000000000000000e+00
0.000000000000000000e+00
0.000000000000000000e+00
0.000000000000000000e+00
0.000000000000000000e+00
9.999999389648437500e+02
0.000000000000000000e+00
0.000000000000000000e+00
0.000000000000000000e+00
0.000000000000000000e+00
0.000000000000000000e+00
0.000000000000000000e+00
0.000000000000000000e+00
0.000000000000000000e+00
0.000000000000000000e+00
0.000000000000000000e+00
0.000000000000000000e+00
0.000000000000000000e+00
0.000000000000000000e+00
0.000000000000000000e+00
0.000000000000000000e+00
9.999999389648437500e+02
0.000000000000000000e+00
0.000000000000000000e+00
0.000000000000000000e+00
0.000000000000000000e+00
0.000000000000000000e+00
0.000000000000000000e+00
0.000000000000000000e+00
0.000000000000000000e+00
9.999999389648437500e+02
0.000000000000000000e+00
0.000000000000000000e+00
0.000000000000000000e+00
0.000000000000000000e+00
0.000000000000000000e+00
9.999999389648437500e+02
9.999999389648437500e+02
9.999999389648437500e+02
0.000000000000000000e+00
0.000000000000000000e+00
0.000000000000000000e+00
0.000000000000000000e+00
9.999999389648437500e+02
9.999999389648437500e+02
0.000000000000000000e+00
9.999999389648437500e+02
0.000000000000000000e+00
0.000000000000000000e+00
9.999999389648437500e+02
9.999999389648437500e+02
0.000000000000000000e+00
9.999999389648437500e+02
0.000000000000000000e+00
0.000000000000000000e+00
9.999999389648437500e+02
0.000000000000000000e+00
0.000000000000000000e+00
0.000000000000000000e+00
0.000000000000000000e+00
9.999999389648437500e+02
0.000000000000000000e+00
0.000000000000000000e+00
0.000000000000000000e+00
0.000000000000000000e+00
0.000000000000000000e+00
0.000000000000000000e+00
9.999999389648437500e+02
0.000000000000000000e+00
0.000000000000000000e+00
0.000000000000000000e+00
0.000000000000000000e+00
0.000000000000000000e+00
0.000000000000000000e+00
0.000000000000000000e+00
0.000000000000000000e+00
0.000000000000000000e+00
0.000000000000000000e+00
9.999999389648437500e+02
0.000000000000000000e+00
0.000000000000000000e+00
0.000000000000000000e+00
0.000000000000000000e+00
0.000000000000000000e+00
0.000000000000000000e+00
9.999999389648437500e+02
9.999999389648437500e+02
9.999999389648437500e+02
0.000000000000000000e+00
0.000000000000000000e+00
0.000000000000000000e+00
0.000000000000000000e+00
9.999999389648437500e+02
0.000000000000000000e+00
0.000000000000000000e+00
9.182791113853454590e-01
7.865689992904663086e-01
0.000000000000000000e+00
0.000000000000000000e+00
0.000000000000000000e+00
0.000000000000000000e+00
0.000000000000000000e+00
0.000000000000000000e+00
0.000000000000000000e+00
0.000000000000000000e+00
0.000000000000000000e+00
7.038313150405883789e-01
0.000000000000000000e+00
0.000000000000000000e+00
7.172927856445312500e-01
2.128033787012100220e-01
0.000000000000000000e+00
0.000000000000000000e+00
0.000000000000000000e+00
0.000000000000000000e+00
0.000000000000000000e+00
0.000000000000000000e+00
5.832561254501342773e-01
7.952209115028381348e-01
0.000000000000000000e+00
0.000000000000000000e+00
9.232586026191711426e-01
0.000000000000000000e+00
0.000000000000000000e+00
0.000000000000000000e+00
5.757712125778198242e-01
0.000000000000000000e+00
0.000000000000000000e+00
0.000000000000000000e+00
0.000000000000000000e+00
0.000000000000000000e+00
0.000000000000000000e+00
0.000000000000000000e+00
0.000000000000000000e+00
0.000000000000000000e+00
0.000000000000000000e+00
0.000000000000000000e+00
6.056017279624938965e-01
0.000000000000000000e+00
0.000000000000000000e+00
0.000000000000000000e+00
0.000000000000000000e+00
0.000000000000000000e+00
0.000000000000000000e+00
4.789609313011169434e-01
0.000000000000000000e+00
0.000000000000000000e+00
3.261061310768127441e-01
3.657807409763336182e-01
6.193158626556396484e-01
0.000000000000000000e+00
0.000000000000000000e+00
1.704486757516860962e-01
0.000000000000000000e+00
0.000000000000000000e+00
5.674241781234741211e-01
6.507955789566040039e-01
0.000000000000000000e+00
0.000000000000000000e+00
0.000000000000000000e+00
1.840836405754089355e-01
0.000000000000000000e+00
0.000000000000000000e+00
0.000000000000000000e+00
0.000000000000000000e+00
0.000000000000000000e+00
2.446877956390380859e-01
9.618101269006729126e-02
0.000000000000000000e+00
5.006831884384155273e-01
0.000000000000000000e+00
9.411008358001708984e-01
0.000000000000000000e+00
0.000000000000000000e+00
0.000000000000000000e+00
0.000000000000000000e+00
0.000000000000000000e+00
0.000000000000000000e+00
0.000000000000000000e+00
0.000000000000000000e+00
0.000000000000000000e+00
0.000000000000000000e+00
0.000000000000000000e+00
0.000000000000000000e+00
2.109419107437133789e-01
0.000000000000000000e+00
0.000000000000000000e+00
0.000000000000000000e+00
0.000000000000000000e+00
0.000000000000000000e+00
0.000000000000000000e+00
0.000000000000000000e+00
0.000000000000000000e+00
0.000000000000000000e+00
0.000000000000000000e+00
0.000000000000000000e+00
0.000000000000000000e+00
0.000000000000000000e+00
0.000000000000000000e+00
0.000000000000000000e+00
0.000000000000000000e+00
0.000000000000000000e+00
0.000000000000000000e+00
1.974711418151855469e-01
0.000000000000000000e+00
0.000000000000000000e+00
6.900382041931152344e-01
0.000000000000000000e+00
0.000000000000000000e+00
0.000000000000000000e+00
0.000000000000000000e+00
0.000000000000000000e+00
0.000000000000000000e+00
0.000000000000000000e+00
0.000000000000000000e+00
2.993188202381134033e-01
0.000000000000000000e+00
5.308816432952880859e-01
0.000000000000000000e+00
0.000000000000000000e+00
0.000000000000000000e+00
0.000000000000000000e+00
1.996640621646617693e-17
4.290671228821549624e-15
1.219071258209866422e-16
3.414189232980174848e-14
8.807894601336503518e-17
nan
2.315019263275634203e-34
2.652396005942136981e-06
0.000000000000000000e+00
0.000000000000000000e+00
0.000000000000000000e+00
0.000000000000000000e+00
0.000000000000000000e+00
0.000000000000000000e+00
0.000000000000000000e+00
0.000000000000000000e+00
2.580601078097569599e-20
5.661433169734664261e-05
4.769659996043502329e-16
1.386810994817230802e-13
0.000000000000000000e+00
1.203474837408140428e-23
8.216150158509634253e-22
3.309881286881880366e-24
0.000000000000000000e+00
0.000000000000000000e+00
0.000000000000000000e+00
0.000000000000000000e+00
0.000000000000000000e+00
0.000000000000000000e+00
0.000000000000000000e+00
0.000000000000000000e+00
3.022719098866932757e-22
3.958563480367649750e-16
1.804504406291575170e-25
3.121120437741520052e-33
3.626256924843787044e-19
2.278176651736727065e-23
2.387487762417108545e-17
3.252461886580769630e-15
0.000000000000000000e+00
0.000000000000000000e+00
0.000000000000000000e+00
0.000000000000000000e+00
0.000000000000000000e+00
0.000000000000000000e+00
0.000000000000000000e+00
0.000000000000000000e+00
7.245292190708710507e-17
4.830730260252380504e-11
3.692355666010116444e-13
1.560872304253280163e-03
1.705929378024714980e-22
1.745021997387714465e-20
6.747450550853707953e-20
1.569417203617015644e-14
0.000000000000000000e+00
0.000000000000000000e+00
0.000000000000000000e+00
0.000000000000000000e+00
0.000000000000000000e+00
0.000000000000000000e+00
0.000000000000000000e+00
0.000000000000000000e+00
0.000000000000000000e+00
3.314303755760192871e-01
0.000000000000000000e+00
0.000000000000000000e+00
0.000000000000000000e+00
0.000000000000000000e+00
0.000000000000000000e+00
0.000000000000000000e+00
0.000000000000000000e+00
0.000000000000000000e+00
0.000000000000000000e+00
0.000000000000000000e+00
0.000000000000000000e+00
0.000000000000000000e+00
0.000000000000000000e+00
0.000000000000000000e+00
6.244570016860961914e-01
0.000000000000000000e+00
0.000000000000000000e+00
4.884912371635437012e-01
0.000000000000000000e+00
0.000000000000000000e+00
0.000000000000000000e+00
0.000000000000000000e+00
0.000000000000000000e+00
0.000000000000000000e+00
0.000000000000000000e+00
0.000000000000000000e+00
6.284613013267517090e-01
6.891090869903564453e-01
0.000000000000000000e+00
8.646479249000549316e-01
0.000000000000000000e+00
0.000000000000000000e+00
0.000000000000000000e+00
0.000000000000000000e+00
0.000000000000000000e+00
0.000000000000000000e+00
0.000000000000000000e+00
0.000000000000000000e+00
0.000000000000000000e+00
0.000000000000000000e+00
0.000000000000000000e+00
0.000000000000000000e+00
0.000000000000000000e+00
0.000000000000000000e+00
0.000000000000000000e+00
0.000000000000000000e+00
9.031371474266052246e-01
0.000000000000000000e+00
0.000000000000000000e+00
0.000000000000000000e+00
0.000000000000000000e+00
0.000000000000000000e+00
0.000000000000000000e+00
0.000000000000000000e+00
8.036989569664001465e-01
0.000000000000000000e+00
0.000000000000000000e+00
0.000000000000000000e+00
5.372163057327270508e-01
0.000000000000000000e+00
0.000000000000000000e+00
0.000000000000000000e+00
1.052137033027769162e-19
4.084596358090924280e-18
4.466480831488280566e-18
1.704841823269021006e-11
5.574234137330740725e-25
5.424023350820863728e-19
7.749770786586835877e-18
1.455878473333171996e-10
0.000000000000000000e+00
0.000000000000000000e+00
0.000000000000000000e+00
0.000000000000000000e+00
0.000000000000000000e+00
0.000000000000000000e+00
0.000000000000000000e+00
0.000000000000000000e+00
1.706779789770511425e-19
2.328004191272169947e-19
3.646616440814002622e-22
3.190627014472130653e-24
8.734225533444778028e-22
9.152058646184706679e-19
6.913815603780776819e-25
0.000000000000000000e+00
0.000000000000000000e+00
0.000000000000000000e+00
0.000000000000000000e+00
0.000000000000000000e+00
0.000000000000000000e+00
0.000000000000000000e+00
0.000000000000000000e+00
0.000000000000000000e+00
5.958659069996778928e-17
1.379833873849056941e-20
4.711812054618698524e-19
6.779404675628079637e-26
3.366161254234611988e-04
1.492550945412999442e-18
0.000000000000000000e+00
6.932707213310791145e-19
0.000000000000000000e+00
0.000000000000000000e+00
0.000000000000000000e+00
0.000000000000000000e+00
0.000000000000000000e+00
0.000000000000000000e+00
0.000000000000000000e+00
0.000000000000000000e+00
2.266986076013853600e-18
0.000000000000000000e+00
2.458726158191841191e-15
2.231633732110942533e-21
3.401995177264912490e-15
2.398705515425579316e-20
0.000000000000000000e+00
1.875385367087882039e-15
0.000000000000000000e+00
0.000000000000000000e+00
0.000000000000000000e+00
0.000000000000000000e+00
0.000000000000000000e+00
0.000000000000000000e+00
0.000000000000000000e+00
0.000000000000000000e+00
0.000000000000000000e+00
6.320693492889404297e-01
0.000000000000000000e+00
5.816441178321838379e-01
0.000000000000000000e+00
0.000000000000000000e+00
0.000000000000000000e+00
0.000000000000000000e+00
0.000000000000000000e+00
0.000000000000000000e+00
6.209199428558349609e-01
5.214467048645019531e-01
0.000000000000000000e+00
3.016299009323120117e-01
8.061878681182861328e-01
0.000000000000000000e+00
0.000000000000000000e+00
0.000000000000000000e+00
5.087482556700706482e-02
0.000000000000000000e+00
9.030723571777343750e-01
0.000000000000000000e+00
0.000000000000000000e+00
0.000000000000000000e+00
0.000000000000000000e+00
0.000000000000000000e+00
0.000000000000000000e+00
0.000000000000000000e+00
5.882641077041625977e-01
9.512829780578613281e-01
0.000000000000000000e+00
8.247401714324951172e-01
4.512803554534912109e-01
0.000000000000000000e+00
0.000000000000000000e+00
0.000000000000000000e+00
0.000000000000000000e+00
0.000000000000000000e+00
0.000000000000000000e+00
0.000000000000000000e+00
0.000000000000000000e+00
3.707002103328704834e-01
1.728308387100696564e-02
0.000000000000000000e+00
2.464809715747833252e-01
0.000000000000000000e+00
0.000000000000000000e+00
0.000000000000000000e+00
0.000000000000000000e+00
0.000000000000000000e+00
0.000000000000000000e+00
0.000000000000000000e+00
0.000000000000000000e+00
2.849727869033813477e-01
0.000000000000000000e+00
0.000000000000000000e+00
0.000000000000000000e+00
0.000000000000000000e+00
0.000000000000000000e+00
2.080838084220886230e-01
0.000000000000000000e+00
0.000000000000000000e+00
7.722702622413635254e-02
0.000000000000000000e+00
5.978919781709119782e-25
1.072408945734135848e-25
4.873804471117182402e-08
6.409310021655184015e-21
5.216468533172924360e-13
4.835812983463603346e-30
3.373277757790765718e-20
4.143195487045405866e-16
0.000000000000000000e+00
0.000000000000000000e+00
0.000000000000000000e+00
0.000000000000000000e+00
0.000000000000000000e+00
0.000000000000000000e+00
0.000000000000000000e+00
0.000000000000000000e+00
1.939185979787664475e-16
9.917718921512351232e-26
3.548072520584698601e-16
1.619566493024471655e-18
1.890587952857458731e-08
3.194624994634588308e-16
4.848914197141935970e-36
1.943150038391111896e-25
0.000000000000000000e+00
0.000000000000000000e+00
0.000000000000000000e+00
0.000000000000000000e+00
0.000000000000000000e+00
0.000000000000000000e+00
0.000000000000000000e+00
0.000000000000000000e+00
2.949576913359895721e-19
2.854920685043988589e-22
4.304237548593947291e-20
0.000000000000000000e+00
0.000000000000000000e+00
7.758069631592229287e-15
1.679776737167659259e-19
6.763357163208638667e-08
0.000000000000000000e+00
0.000000000000000000e+00
0.000000000000000000e+00
0.000000000000000000e+00
0.000000000000000000e+00
0.000000000000000000e+00
0.000000000000000000e+00
0.000000000000000000e+00
1.032495823253153587e-19
2.952434427004629371e-33
1.600682593164612686e-26
5.393308888718301668e-26
2.884398449254366170e-13
0.000000000000000000e+00
3.584715535323268509e-23
2.328505091650154291e-14
0.000000000000000000e+00
0.000000000000000000e+00
0.000000000000000000e+00
0.000000000000000000e+00
0.000000000000000000e+00
0.000000000000000000e+00
0.000000000000000000e+00
0.000000000000000000e+00
7.365363091230392456e-02
1.741075813770294189e-01
0.000000000000000000e+00
0.000000000000000000e+00
0.000000000000000000e+00
0.000000000000000000e+00
0.000000000000000000e+00
0.000000000000000000e+00
0.000000000000000000e+00
0.000000000000000000e+00
0.000000000000000000e+00
0.000000000000000000e+00
9.080496430397033691e-01
0.000000000000000000e+00
6.762921214103698730e-01
0.000000000000000000e+00
0.000000000000000000e+00
2.620735168457031250e-01
0.000000000000000000e+00
4.414281845092773438e-01
5.216209888458251953e-01
3.773550093173980713e-01
0.000000000000000000e+00
0.000000000000000000e+00
0.000000000000000000e+00
6.419305503368377686e-02
0.000000000000000000e+00
0.000000000000000000e+00
0.000000000000000000e+00
0.000000000000000000e+00
0.000000000000000000e+00
0.000000000000000000e+00
9.273946881294250488e-01
0.000000000000000000e+00
0.000000000000000000e+00
0.000000000000000000e+00
0.000000000000000000e+00
3.532095551490783691e-01
0.000000000000000000e+00
0.000000000000000000e+00
4.014503955841064453e-02
0.000000000000000000e+00
0.000000000000000000e+00
0.000000000000000000e+00
0.000000000000000000e+00
0.000000000000000000e+00
9.971732497215270996e-01
0.000000000000000000e+00
0.000000000000000000e+00
0.000000000000000000e+00
0.000000000000000000e+00
0.000000000000000000e+00
0.000000000000000000e+00
0.000000000000000000e+00
8.747063279151916504e-01
0.000000000000000000e+00
0.000000000000000000e+00
0.000000000000000000e+00
0.000000000000000000e+00
0.000000000000000000e+00
0.000000000000000000e+00
0.000000000000000000e+00
0.000000000000000000e+00
4.836241900920867920e-01
1.084872188781672386e-19
4.876184789281978738e-08
5.039847288243115784e-22
5.929573509717150914e-14
2.411987462497500135e-16
1.206237385569983687e-16
6.117549454108689857e-30
2.270710477699262799e-25
0.000000000000000000e+00
0.000000000000000000e+00
0.000000000000000000e+00
0.000000000000000000e+00
0.000000000000000000e+00
0.000000000000000000e+00
0.000000000000000000e+00
0.000000000000000000e+00
4.743697840640116986e-17
2.497529203259944345e-20
0.000000000000000000e+00
7.672711778094738079e-19
1.952376400358782067e-16
2.698368882170018209e-19
1.110441444325260818e-04
4.392294414468426296e-19
0.000000000000000000e+00
0.000000000000000000e+00
0.000000000000000000e+00
0.000000000000000000e+00
0.000000000000000000e+00
0.000000000000000000e+00
0.000000000000000000e+00
0.000000000000000000e+00
0.000000000000000000e+00
3.853329118229074322e-20
5.975102602117891089e-23
1.626731324695252843e-19
2.982893947578620086e-14
1.363014839883547324e-10
2.477927228028420359e-05
9.200621385971929243e-19
0.000000000000000000e+00
0.000000000000000000e+00
0.000000000000000000e+00
0.000000000000000000e+00
0.000000000000000000e+00
0.000000000000000000e+00
0.000000000000000000e+00
0.000000000000000000e+00
2.655172474538781881e-16
2.633187308394781051e-19
2.183643079805767020e-20
2.977097174152731895e-03
9.304919571588846150e-22
8.848387363190249622e-21
6.407833248386896052e-13
7.431330088836288056e-30
0.000000000000000000e+00
0.000000000000000000e+00
0.000000000000000000e+00
0.000000000000000000e+00
0.000000000000000000e+00
0.000000000000000000e+00
0.000000000000000000e+00
0.000000000000000000e+00
8.433911800384521484e-01
0.000000000000000000e+00
0.000000000000000000e+00
0.000000000000000000e+00
0.000000000000000000e+00
6.849245429039001465e-01
0.000000000000000000e+00
0.000000000000000000e+00
0.000000000000000000e+00
0.000000000000000000e+00
5.704329609870910645e-01
0.000000000000000000e+00
0.000000000000000000e+00
3.224693536758422852e-01
0.000000000000000000e+00
0.000000000000000000e+00
0.000000000000000000e+00
0.000000000000000000e+00
0.000000000000000000e+00
0.000000000000000000e+00
0.000000000000000000e+00
0.000000000000000000e+00
1.572835743427276611e-01
0.000000000000000000e+00
0.000000000000000000e+00
7.057530283927917480e-01
5.739798545837402344e-01
4.566456079483032227e-01
0.000000000000000000e+00
0.000000000000000000e+00
0.000000000000000000e+00
3.622090816497802734e-01
0.000000000000000000e+00
0.000000000000000000e+00
0.000000000000000000e+00
0.000000000000000000e+00
3.045935928821563721e-01
0.000000000000000000e+00
0.000000000000000000e+00
0.000000000000000000e+00
0.000000000000000000e+00
9.852620214223861694e-02
5.757389068603515625e-01
0.000000000000000000e+00
0.000000000000000000e+00
0.000000000000000000e+00
0.000000000000000000e+00
0.000000000000000000e+00
0.000000000000000000e+00
0.000000000000000000e+00
1.083545610308647156e-01
3.869386613368988037e-01
0.000000000000000000e+00
0.000000000000000000e+00
0.000000000000000000e+00
0.000000000000000000e+00
0.000000000000000000e+00
0.000000000000000000e+00
0.000000000000000000e+00
0.000000000000000000e+00
7.179817557334899902e-01
0.000000000000000000e+00
0.000000000000000000e+00
0.000000000000000000e+00
2.866796765091037459e-22
3.853909747320298263e-18
4.928180282669861367e-28
1.931128000565163205e-12
2.253677904628177860e-15
1.693701676545135923e-19
0.000000000000000000e+00
4.343948230333778129e-29
0.000000000000000000e+00
0.000000000000000000e+00
0.000000000000000000e+00
0.000000000000000000e+00
0.000000000000000000e+00
0.000000000000000000e+00
0.000000000000000000e+00
0.000000000000000000e+00
1.094971674174331058e-24
4.029600859212223440e-06
5.284095025287539133e-27
2.861474146281968445e-14
3.190704914486521228e-24
3.794681278211789718e-24
8.110911020673783805e-35
3.408145423937921861e-18
0.000000000000000000e+00
0.000000000000000000e+00
0.000000000000000000e+00
0.000000000000000000e+00
0.000000000000000000e+00
0.000000000000000000e+00
0.000000000000000000e+00
0.000000000000000000e+00
1.170616812577567056e-14
1.047196827943755870e-25
1.299590028753503012e-22
1.431325586054299492e-06
6.225962389462090209e-22
1.743479679069048424e-17
2.492142454993970593e-15
1.421741684885097223e-13
0.000000000000000000e+00
0.000000000000000000e+00
0.000000000000000000e+00
0.000000000000000000e+00
0.000000000000000000e+00
0.000000000000000000e+00
0.000000000000000000e+00
0.000000000000000000e+00
0.000000000000000000e+00
8.796273789064929798e-19
8.946972443939069546e-31
2.670191228389739990e-02
3.786142665444161763e-20
3.472477112005452155e-27
2.463621260493805781e-20
2.107849586565041464e-20
0.000000000000000000e+00
0.000000000000000000e+00
0.000000000000000000e+00
0.000000000000000000e+00
0.000000000000000000e+00
0.000000000000000000e+00
0.000000000000000000e+00
0.000000000000000000e+00
1.135235577821731567e-01
0.000000000000000000e+00
0.000000000000000000e+00
0.000000000000000000e+00
7.925904989242553711e-01
0.000000000000000000e+00
0.000000000000000000e+00
0.000000000000000000e+00
0.000000000000000000e+00
0.000000000000000000e+00
0.000000000000000000e+00
0.000000000000000000e+00
0.000000000000000000e+00
0.000000000000000000e+00
0.000000000000000000e+00
0.000000000000000000e+00
1.294826418161392212e-01
0.000000000000000000e+00
0.000000000000000000e+00
0.000000000000000000e+00
6.803490519523620605e-01
2.486373335123062134e-01
0.000000000000000000e+00
0.000000000000000000e+00
7.420595884323120117e-01
3.017384409904479980e-01
0.000000000000000000e+00
7.057143449783325195e-01
0.000000000000000000e+00
2.039232999086380005e-01
0.000000000000000000e+00
0.000000000000000000e+00
0.000000000000000000e+00
0.000000000000000000e+00
0.000000000000000000e+00
4.040729105472564697e-01
3.335054591298103333e-02
0.000000000000000000e+00
0.000000000000000000e+00
0.000000000000000000e+00
0.000000000000000000e+00
0.000000000000000000e+00
0.000000000000000000e+00
0.000000000000000000e+00
0.000000000000000000e+00
0.000000000000000000e+00
0.000000000000000000e+00
0.000000000000000000e+00
0.000000000000000000e+00
8.043266534805297852e-01
0.000000000000000000e+00
0.000000000000000000e+00
0.000000000000000000e+00
0.000000000000000000e+00
0.000000000000000000e+00
5.086159110069274902e-01
0.000000000000000000e+00
0.000000000000000000e+00
0.000000000000000000e+00
0.000000000000000000e+00
0.000000000000000000e+00
0.000000000000000000e+00
0.000000000000000000e+00
0.000000000000000000e+00
0.000000000000000000e+00
5.885420663997456369e-18
1.183473794554765327e-30
6.080846052128116977e-35
0.000000000000000000e+00
8.473547520165325777e-22
5.860017196967701181e-14
7.871236805318083970e-20
0.000000000000000000e+00
0.000000000000000000e+00
0.000000000000000000e+00
0.000000000000000000e+00
0.000000000000000000e+00
0.000000000000000000e+00
0.000000000000000000e+00
0.000000000000000000e+00
1.068907809754552091e-18
5.851897581486968820e-16
1.423520480860507440e-21
1.581085522922576203e-13
0.000000000000000000e+00
4.155525711764377870e-33
4.631536419276689661e-27
3.267575643110367452e-19
0.000000000000000000e+00
0.000000000000000000e+00
0.000000000000000000e+00
0.000000000000000000e+00
0.000000000000000000e+00
0.000000000000000000e+00
0.000000000000000000e+00
0.000000000000000000e+00
0.000000000000000000e+00
7.409373660209653263e-19
5.022139148991300317e-09
1.534018811071291566e-04
4.149695653244606554e-20
2.826455096818413406e-25
2.074611627783328174e-20
0.000000000000000000e+00
0.000000000000000000e+00
0.000000000000000000e+00
0.000000000000000000e+00
0.000000000000000000e+00
0.000000000000000000e+00
0.000000000000000000e+00
0.000000000000000000e+00
0.000000000000000000e+00
1.322531815705494365e-24
4.523399617345368836e-22
2.913810102196127911e-25
1.312331129493006552e-21
5.092555535758614478e-20
1.309707117103945147e-19
1.809747490755242438e-11
3.494020213205880120e-19
0.000000000000000000e+00
0.000000000000000000e+00
0.000000000000000000e+00
0.000000000000000000e+00
0.000000000000000000e+00
0.000000000000000000e+00
0.000000000000000000e+00
0.000000000000000000e+00
0.000000000000000000e+00
0.000000000000000000e+00
8.683936595916748047e-01
0.000000000000000000e+00
0.000000000000000000e+00
0.000000000000000000e+00
4.505944550037384033e-01
0.000000000000000000e+00
2.430834919214248657e-01
0.000000000000000000e+00
0.000000000000000000e+00
0.000000000000000000e+00
0.000000000000000000e+00
0.000000000000000000e+00
0.000000000000000000e+00
0.000000000000000000e+00
0.000000000000000000e+00
0.000000000000000000e+00
0.000000000000000000e+00
0.000000000000000000e+00
0.000000000000000000e+00
0.000000000000000000e+00
0.000000000000000000e+00
0.000000000000000000e+00
1.399806439876556396e-01
0.000000000000000000e+00
0.000000000000000000e+00
0.000000000000000000e+00
0.000000000000000000e+00
0.000000000000000000e+00
2.338108373805880547e-03
0.000000000000000000e+00
5.181802511215209961e-01
0.000000000000000000e+00
0.000000000000000000e+00
3.393635749816894531e-01
3.029752075672149658e-01
0.000000000000000000e+00
0.000000000000000000e+00
0.000000000000000000e+00
0.000000000000000000e+00
0.000000000000000000e+00
0.000000000000000000e+00
0.000000000000000000e+00
0.000000000000000000e+00
0.000000000000000000e+00
0.000000000000000000e+00
0.000000000000000000e+00
0.000000000000000000e+00
0.000000000000000000e+00
7.334359884262084961e-01
0.000000000000000000e+00
0.000000000000000000e+00
7.119309902191162109e-01
3.395673334598541260e-01
0.000000000000000000e+00
0.000000000000000000e+00
0.000000000000000000e+00
0.000000000000000000e+00
0.000000000000000000e+00
8.368659615516662598e-01
0.000000000000000000e+00
2.826729416847229004e-01
3.217800259590148926e-01
4.821352870979303540e-14
2.729710209226857837e-15
4.641101967520674921e-17
1.244609367744032582e-17
9.383580489654161045e-21
2.536335773766040802e-02
9.198774446760463186e-20
5.954716194699831868e-20
0.000000000000000000e+00
0.000000000000000000e+00
0.000000000000000000e+00
0.000000000000000000e+00
0.000000000000000000e+00
0.000000000000000000e+00
0.000000000000000000e+00
0.000000000000000000e+00
7.144427710008918498e-19
1.143584142312970009e-12
0.000000000000000000e+00
3.533719779877437245e-24
1.170950671275471829e-19
6.312383172056502452e-18
8.465412815183981365e-10
3.994663588758842792e-21
0.000000000000000000e+00
0.000000000000000000e+00
0.000000000000000000e+00
0.000000000000000000e+00
0.000000000000000000e+00
0.000000000000000000e+00
0.000000000000000000e+00
0.000000000000000000e+00
6.926030625804362949e-22
1.230833323694705503e-26
7.705407435974391897e-18
9.057159187186824177e-21
1.725129303189847085e-14
6.517228091804300754e-20
0.000000000000000000e+00
1.438792787595907881e-20
0.000000000000000000e+00
0.000000000000000000e+00
0.000000000000000000e+00
0.000000000000000000e+00
0.000000000000000000e+00
0.000000000000000000e+00
0.000000000000000000e+00
0.000000000000000000e+00
7.371229049306479882e-16
1.206838096021541002e-20
1.475886605716145917e-33
1.397273652283287738e-20
1.033746443826136845e-23
2.081765225390087749e-25
1.337487440309140422e-17
4.390068623008624984e-25
0.000000000000000000e+00
0.000000000000000000e+00
0.000000000000000000e+00
0.000000000000000000e+00
0.000000000000000000e+00
0.000000000000000000e+00
0.000000000000000000e+00
0.000000000000000000e+00
0.000000000000000000e+00
2.659105956554412842e-01
0.000000000000000000e+00
3.669478893280029297e-01
0.000000000000000000e+00
0.000000000000000000e+00
0.000000000000000000e+00
0.000000000000000000e+00
0.000000000000000000e+00
0.000000000000000000e+00
0.000000000000000000e+00
0.000000000000000000e+00
0.000000000000000000e+00
0.000000000000000000e+00
0.000000000000000000e+00
0.000000000000000000e+00
0.000000000000000000e+00
0.000000000000000000e+00
0.000000000000000000e+00
0.000000000000000000e+00
0.000000000000000000e+00
0.000000000000000000e+00
0.000000000000000000e+00
0.000000000000000000e+00
0.000000000000000000e+00
0.000000000000000000e+00
0.000000000000000000e+00
0.000000000000000000e+00
0.000000000000000000e+00
5.824433565139770508e-01
0.000000000000000000e+00
0.000000000000000000e+00
0.000000000000000000e+00
0.000000000000000000e+00
0.000000000000000000e+00
0.000000000000000000e+00
0.000000000000000000e+00
2.025747857987880707e-02
0.000000000000000000e+00
0.000000000000000000e+00
0.000000000000000000e+00
0.000000000000000000e+00
0.000000000000000000e+00
0.000000000000000000e+00
0.000000000000000000e+00
0.000000000000000000e+00
0.000000000000000000e+00
0.000000000000000000e+00
2.724378705024719238e-01
0.000000000000000000e+00
0.000000000000000000e+00
0.000000000000000000e+00
0.000000000000000000e+00
0.000000000000000000e+00
0.000000000000000000e+00
0.000000000000000000e+00
5.411175489425659180e-01
5.901623368263244629e-01
0.000000000000000000e+00
0.000000000000000000e+00
0.000000000000000000e+00
8.918782472610473633e-01
0.000000000000000000e+00
0.000000000000000000e+00
6.151293728568498223e-20
4.102113057859773972e-20
1.070987631327724796e-17
1.785555278394253265e-14
2.219265082033933245e-13
6.461969389297956861e-25
1.117349092965014279e-04
1.818726536464316848e-20
0.000000000000000000e+00
0.000000000000000000e+00
0.000000000000000000e+00
0.000000000000000000e+00
0.000000000000000000e+00
0.000000000000000000e+00
0.000000000000000000e+00
0.000000000000000000e+00
8.841064685904953535e-11
2.594281668828746223e-13
2.297109214854418196e-25
7.246511124059368649e-17
6.101027338445419446e-06
2.168714731571172321e-20
7.302536244181438106e-27
2.649738790913877769e-26
0.000000000000000000e+00
0.000000000000000000e+00
0.000000000000000000e+00
0.000000000000000000e+00
0.000000000000000000e+00
0.000000000000000000e+00
0.000000000000000000e+00
0.000000000000000000e+00
6.226126472530376179e-22
6.843518729402335167e-26
0.000000000000000000e+00
5.770087433672004256e-16
2.920801212704342417e-18
1.177392340295728532e-19
5.853264057389126820e-15
4.394012040066211669e-23
0.000000000000000000e+00
0.000000000000000000e+00
0.000000000000000000e+00
0.000000000000000000e+00
0.000000000000000000e+00
0.000000000000000000e+00
0.000000000000000000e+00
0.000000000000000000e+00
1.066701098675413751e-20
3.552776292764861227e-24
7.942543920735206653e-14
4.268750854080568847e-20
8.920581111202141278e-24
8.424334211712059494e-22
3.127038592620429480e-34
0.000000000000000000e+00
0.000000000000000000e+00
0.000000000000000000e+00
0.000000000000000000e+00
0.000000000000000000e+00
0.000000000000000000e+00
0.000000000000000000e+00
0.000000000000000000e+00
0.000000000000000000e+00
0.000000000000000000e+00
0.000000000000000000e+00
0.000000000000000000e+00
0.000000000000000000e+00
0.000000000000000000e+00
3.982345461845397949e-01
0.000000000000000000e+00
0.000000000000000000e+00
9.652314186096191406e-01
0.000000000000000000e+00
0.000000000000000000e+00
0.000000000000000000e+00
3.775780498981475830e-01
0.000000000000000000e+00
0.000000000000000000e+00
0.000000000000000000e+00
0.000000000000000000e+00
0.000000000000000000e+00
0.000000000000000000e+00
0.000000000000000000e+00
0.000000000000000000e+00
0.000000000000000000e+00
0.000000000000000000e+00
9.504969716072082520e-01
0.000000000000000000e+00
0.000000000000000000e+00
8.291444927453994751e-02
0.000000000000000000e+00
3.703100383281707764e-01
0.000000000000000000e+00
3.296507596969604492e-01
1.371050626039505005e-01
0.000000000000000000e+00
3.853050172328948975e-01
0.000000000000000000e+00
5.553276538848876953e-01
0.000000000000000000e+00
0.000000000000000000e+00
0.000000000000000000e+00
0.000000000000000000e+00
0.000000000000000000e+00
9.500236064195632935e-02
0.000000000000000000e+00
0.000000000000000000e+00
0.000000000000000000e+00
0.000000000000000000e+00
3.521516919136047363e-01
3.279616534709930420e-01
0.000000000000000000e+00
0.000000000000000000e+00
0.000000000000000000e+00
0.000000000000000000e+00
0.000000000000000000e+00
9.295002818107604980e-01
2.229099273681640625e-01
0.000000000000000000e+00
9.897152781486511230e-01
0.000000000000000000e+00
0.000000000000000000e+00
0.000000000000000000e+00
1.286383122205734253e-01
0.000000000000000000e+00
0.000000000000000000e+00
0.000000000000000000e+00
3.424975349929853444e-28
2.846959169466917945e-24
5.297737403974644561e-25
1.576588685707383492e-25
1.151244124298157152e-28
7.623782722200427020e-15
1.719499436522618829e-20
6.367851632418798234e-21
0.000000000000000000e+00
0.000000000000000000e+00
0.000000000000000000e+00
0.000000000000000000e+00
0.000000000000000000e+00
0.000000000000000000e+00
0.000000000000000000e+00
0.000000000000000000e+00
8.007281520454061183e-20
1.792917030118967858e-11
3.042885988383174316e-20
4.017802956912115506e-37
6.304554900175423108e-17
2.699683420797381288e-20
1.532541839987003432e-17
0.000000000000000000e+00
0.000000000000000000e+00
0.000000000000000000e+00
0.000000000000000000e+00
0.000000000000000000e+00
0.000000000000000000e+00
0.000000000000000000e+00
0.000000000000000000e+00
0.000000000000000000e+00
3.452045854916285008e-24
1.453130633684355031e-22
1.297161806420751536e-17
4.681923393505629569e-24
2.166918066846373588e-16
3.748590028785898529e-22
6.018994590643737688e-20
0.000000000000000000e+00
0.000000000000000000e+00
0.000000000000000000e+00
0.000000000000000000e+00
0.000000000000000000e+00
0.000000000000000000e+00
0.000000000000000000e+00
0.000000000000000000e+00
0.000000000000000000e+00
4.485274992159770502e-21
3.867232214868500757e-19
3.544850151698460766e-36
6.774447916589848817e-19
3.278836646636307250e-10
1.693153428266170983e-15
2.530611904118090552e-20
0.000000000000000000e+00
0.000000000000000000e+00
0.000000000000000000e+00
0.000000000000000000e+00
0.000000000000000000e+00
0.000000000000000000e+00
0.000000000000000000e+00
0.000000000000000000e+00
0.000000000000000000e+00
0.000000000000000000e+00
0.000000000000000000e+00
6.064180731773376465e-01
0.000000000000000000e+00
0.000000000000000000e+00
0.000000000000000000e+00
0.000000000000000000e+00
0.000000000000000000e+00
0.000000000000000000e+00
1.280647516250610352e-01
0.000000000000000000e+00
0.000000000000000000e+00
0.000000000000000000e+00
0.000000000000000000e+00
0.000000000000000000e+00
0.000000000000000000e+00
0.000000000000000000e+00
2.679804563522338867e-01
0.000000000000000000e+00
0.000000000000000000e+00
0.000000000000000000e+00
8.405035734176635742e-01
0.000000000000000000e+00
0.000000000000000000e+00
0.000000000000000000e+00
0.000000000000000000e+00
0.000000000000000000e+00
1.209354251623153687e-01
0.000000000000000000e+00
8.143345825374126434e-03
0.000000000000000000e+00
2.660882472991943359e-01
0.000000000000000000e+00
0.000000000000000000e+00
8.820430934429168701e-02
0.000000000000000000e+00
0.000000000000000000e+00
0.000000000000000000e+00
0.000000000000000000e+00
0.000000000000000000e+00
0.000000000000000000e+00
0.000000000000000000e+00
0.000000000000000000e+00
9.629070162773132324e-01
3.338670134544372559e-01
0.000000000000000000e+00
0.000000000000000000e+00
0.000000000000000000e+00
0.000000000000000000e+00
0.000000000000000000e+00
0.000000000000000000e+00
8.344893902540206909e-02
0.000000000000000000e+00
0.000000000000000000e+00
0.000000000000000000e+00
0.000000000000000000e+00
0.000000000000000000e+00
0.000000000000000000e+00
0.000000000000000000e+00
5.171331167221069336e-01
0.000000000000000000e+00
0.000000000000000000e+00
0.000000000000000000e+00
8.689254522323608398e-01
2.187077654525637627e-03
-5.690719187259674072e-02
-8.891988545656204224e-04
2.530450234189629555e-03
2.335845259949564934e-03
-6.399995088577270508e-02
2.671228488907217979e-03
-6.399995088577270508e-02
2.006234833970665932e-03
-6.399995088577270508e-02
1.886917045339941978e-03
-6.399995088577270508e-02
6.480166921392083168e-04
-5.351968109607696533e-02
-6.399995088577270508e-02
2.169975778087973595e-04
7.962485542520880699e-04
-6.088761612772941589e-02
2.645329339429736137e-03
-6.399995088577270508e-02
2.748609287664294243e-03
-6.399995088577270508e-02
2.004250651225447655e-03
2.837128704413771629e-04
-4.511920269578695297e-04
1.475369092077016830e-03
2.632454736158251762e-03
-1.095479237847030163e-03
-6.042421981692314148e-02
-6.399995088577270508e-02
-6.399995088577270508e-02
-5.963818728923797607e-02
-5.832454934716224670e-02
1.089964527636766434e-03
2.191725885495543480e-03
2.064131898805499077e-03
-5.126927793025970459e-02
-6.399995088577270508e-02
1.584345242008566856e-03
2.942539285868406296e-03
2.765608718618750572e-03
-6.399995088577270508e-02
2.100017620250582695e-03
2.974475501105189323e-04
-6.399995088577270508e-02
2.200853778049349785e-03
-6.399995088577270508e-02
-6.399995088577270508e-02
-6.399995088577270508e-02
-5.977371707558631897e-02
5.855775671079754829e-04
1.778917619958519936e-03
2.053934382274746895e-03
4.505276447162032127e-04
-6.099361181259155273e-02
-2.411571331322193146e-04
1.285482430830597878e-03
1.665958203375339508e-03
7.882820209488272667e-04
1.638131448999047279e-03
-6.399995088577270508e-02
-2.893321216106414795e-04
-9.005041792988777161e-04
-6.399995088577270508e-02
2.954603405669331551e-03
-6.399995088577270508e-02
8.491029730066657066e-04
-6.399995088577270508e-02
2.145433565601706505e-03
-6.399995088577270508e-02
2.828794298693537712e-03
-6.096750870347023010e-02
5.852029426023364067e-04
8.004381088539958000e-04
-6.399995088577270508e-02
-5.639039352536201477e-02
-6.399995088577270508e-02
-1.106639276258647442e-03
2.281217603012919426e-03
-5.826124176383018494e-02
-6.399995088577270508e-02
1.765259774401783943e-03
-6.399995088577270508e-02
-6.399995088577270508e-02
-6.399995088577270508e-02
-6.399995088577270508e-02
2.451016334816813469e-03
-6.399995088577270508e-02
-6.399995088577270508e-02
-5.691473931074142456e-02
4.280494758859276772e-04
2.287506125867366791e-03
2.230732934549450874e-03
1.285068923607468605e-03
2.518435241654515266e-03
2.345177810639142990e-03
-6.399995088577270508e-02
1.753180986270308495e-03
-6.399995088577270508e-02
-6.399995088577270508e-02
-6.399995088577270508e-02
2.459028502926230431e-03
-6.399995088577270508e-02
2.834163838997483253e-03
1.768313581123948097e-03
-6.399995088577270508e-02
-6.399995088577270508e-02
2.257125219330191612e-03
2.420977922156453133e-03
5.759968189522624016e-04
-5.951263010501861572e-02
1.385984243825078011e-03
-1.475850585848093033e-04
-6.399995088577270508e-02
1.267505111172795296e-03
-6.399995088577270508e-02
-5.827143415808677673e-02
-6.399995088577270508e-02
2.528836950659751892e-03
-5.941627919673919678e-02
1.564190024510025978e-03
6.486586062237620354e-04
-6.048303470015525818e-02
-2.213302068412303925e-04
-6.399995088577270508e-02
1.681624678894877434e-03
-6.399995088577270508e-02
-6.399995088577270508e-02
-1.000000047497451305e-03
-1.000000047497451305e-03
-1.000000047497451305e-03
-1.000000047497451305e-03
-1.000000047497451305e-03
-1.000000047497451305e-03
-1.000000047497451305e-03
-1.000000047497451305e-03
1.000937819480895996e+00
1.000937819480895996e+00
1.000937819480895996e+00
1.000937819480895996e+00
1.000937819480895996e+00
1.000937819480895996e+00
1.000937819480895996e+00
1.000937819480895996e+00
-1.000000047497451305e-03
-1.000000047497451305e-03
-1.000000047497451305e-03
-1.000000047497451305e-03
2.000001026317477226e-03
-1.000000047497451305e-03
-1.000000047497451305e-03
-1.000000047497451305e-03
1.000937819480895996e+00
1.000937819480895996e+00
1.000937819480895996e+00
1.000937819480895996e+00
1.000937819480895996e+00
1.000937819480895996e+00
1.000937819480895996e+00
1.000937819480895996e+00
-1.000000047497451305e-03
-1.000000047497451305e-03
-1.000000047497451305e-03
-1.000000047497451305e-03
-1.000000047497451305e-03
-1.000000047497451305e-03
-1.000000047497451305e-03
-1.000000047497451305e-03
1.000937819480895996e+00
1.000937819480895996e+00
1.000937819480895996e+00
1.000937819480895996e+00
1.000937819480895996e+00
1.000937819480895996e+00
1.000937819480895996e+00
1.000937819480895996e+00
-1.000000047497451305e-03
-1.000000047497451305e-03
-1.000000047497451305e-03
-1.000000047497451305e-03
-1.000000047497451305e-03
-1.000000047497451305e-03
-1.000000047497451305e-03
-1.000000047497451305e-03
1.000937819480895996e+00
1.000937819480895996e+00
1.000937819480895996e+00
1.000937819480895996e+00
1.000937819480895996e+00
1.000937819480895996e+00
1.000937819480895996e+00
1.000937819480895996e+00
-6.399995088577270508e-02
3.917141584679484367e-04
1.989409560337662697e-03
-6.399995088577270508e-02
-6.399995088577270508e-02
-6.399995088577270508e-02
-6.399995088577270508e-02
-6.049707904458045959e-02
2.636459888890385628e-03
2.417452866211533546e-03
1.620142022147774696e-03
-6.399995088577270508e-02
-6.399995088577270508e-02
1.178835751488804817e-03
-6.399995088577270508e-02
-6.399995088577270508e-02
-2.672779373824596405e-04
-6.399995088577270508e-02
2.304349327459931374e-03
-2.126330509781837463e-04
-6.399995088577270508e-02
2.109536202624440193e-03
-5.982854962348937988e-02
1.989936688914895058e-03
-6.399995088577270508e-02
2.057302976027131081e-03
2.612959593534469604e-03
-6.399995088577270508e-02
-5.638529546558856964e-05
-2.505281008780002594e-04
2.637444529682397842e-03
-5.395954102277755737e-02
2.659736899659037590e-03
-6.399995088577270508e-02
2.930498914793133736e-03
-6.399995088577270508e-02
-6.399995088577270508e-02
-6.399995088577270508e-02
2.384417923167347908e-03
2.492903731763362885e-03
-6.399995088577270508e-02
-6.079464778304100037e-02
-6.399995088577270508e-02
-6.399995088577270508e-02
-6.399995088577270508e-02
-5.830292776226997375e-02
2.253529382869601250e-03
-6.399995088577270508e-02
-6.091587245464324951e-02
-6.399995088577270508e-02
-6.399995088577270508e-02
-5.233005061745643616e-02
2.835565246641635895e-03
-6.061939522624015808e-02
2.578789833933115005e-03
1.401456305757164955e-03
-2.898147795349359512e-04
1.035332446917891502e-03
-6.399995088577270508e-02
1.727213384583592415e-03
5.660852184519171715e-04
2.953760791569948196e-03
-6.399995088577270508e-02
-6.399995088577270508e-02
-1.000000047497451305e-03
-1.000000047497451305e-03
-1.000000047497451305e-03
-1.000000047497451305e-03
-1.000000047497451305e-03
-1.000000047497451305e-03
-1.000000047497451305e-03
-1.000000047497451305e-03
1.000937819480895996e+00
1.000937819480895996e+00
1.000937819480895996e+00
1.000937819480895996e+00
1.000937819480895996e+00
1.000937819480895996e+00
1.000937819480895996e+00
1.000937819480895996e+00
-1.000000047497451305e-03
-1.000000047497451305e-03
-1.000000047497451305e-03
-1.000000047497451305e-03
-1.000000047497451305e-03
-1.000000047497451305e-03
-1.000000047497451305e-03
-1.000000047497451305e-03
1.000937819480895996e+00
1.000937819480895996e+00
1.000937819480895996e+00
1.000937819480895996e+00
1.000937819480895996e+00
1.000937819480895996e+00
1.000937819480895996e+00
1.000937819480895996e+00
-1.000000047497451305e-03
-1.000000047497451305e-03
-1.000000047497451305e-03
-1.000000047497451305e-03
-1.000000047497451305e-03
-1.000000047497451305e-03
2.000002888962626457e-03
-1.000000047497451305e-03
1.000937819480895996e+00
1.000937819480895996e+00
1.000937819480895996e+00
1.000937819480895996e+00
1.000937819480895996e+00
1.000937819480895996e+00
1.000937819480895996e+00
1.000937819480895996e+00
-1.000000047497451305e-03
2.000000793486833572e-03
-1.000000047497451305e-03
-1.000000047497451305e-03
-1.000000047497451305e-03
-1.000000047497451305e-03
-1.000000047497451305e-03
-1.000000047497451305e-03
1.000937819480895996e+00
1.000937819480895996e+00
1.000937819480895996e+00
1.000937819480895996e+00
1.000937819480895996e+00
1.000937819480895996e+00
1.000937819480895996e+00
1.000937819480895996e+00
1.525420462712645531e-03
3.318453673273324966e-05
-6.399995088577270508e-02
2.952619688585400581e-04
-6.399995088577270508e-02
-6.399995088577270508e-02
-6.399995088577270508e-02
-6.399995088577270508e-02
-6.399995088577270508e-02
-6.399995088577270508e-02
-5.828465148806571960e-02
7.100115763023495674e-04
-6.399995088577270508e-02
5.051436601206660271e-04
4.406071966513991356e-04
1.645682612434029579e-03
-5.733383819460868835e-02
-6.399995088577270508e-02
-5.639220401644706726e-02
1.256486168131232262e-03
-8.485733997076749802e-04
-6.399995088577270508e-02
-6.399995088577270508e-02
-6.399995088577270508e-02
1.214770833030343056e-03
-6.399995088577270508e-02
2.982556121423840523e-03
-6.399995088577270508e-02
5.826902342960238457e-04
-9.984776843339204788e-04
1.135888975113630295e-03
-1.376368454657495022e-03
1.336316345259547234e-04
-6.399995088577270508e-02
-6.399995088577270508e-02
1.384136499837040901e-03
-6.044220551848411560e-02
-6.399995088577270508e-02
-6.399995088577270508e-02
2.938179532065987587e-03
-6.399995088577270508e-02
-5.778744071722030640e-02
9.896587580442428589e-04
-6.399995088577270508e-02
5.300102056935429573e-04
-6.399995088577270508e-02
1.007499871775507927e-03
-5.909690633416175842e-02
-6.399995088577270508e-02
-6.399995088577270508e-02
1.035521039739251137e-03
2.834760583937168121e-03
1.570892520248889923e-03
8.191432571038603783e-04
1.482369611039757729e-03
2.500368980690836906e-03
2.548352582380175591e-03
-6.399995088577270508e-02
-6.399995088577270508e-02
-6.399995088577270508e-02
-6.399995088577270508e-02
1.694501144811511040e-03
-5.973648279905319214e-02
1.669309334829449654e-03
-1.000000047497451305e-03
-1.000000047497451305e-03
-1.000000047497451305e-03
-1.000000047497451305e-03
-1.000000047497451305e-03
-1.000000047497451305e-03
-1.000000047497451305e-03
-1.000000047497451305e-03
1.000937819480895996e+00
1.000937819480895996e+00
1.000937819480895996e+00
1.000937819480895996e+00
1.000937819480895996e+00
1.000937819480895996e+00
1.000937819480895996e+00
1.000937819480895996e+00
-1.000000047497451305e-03
-1.000000047497451305e-03
-1.000000047497451305e-03
-1.000000047497451305e-03
-1.000000047497451305e-03
-1.000000047497451305e-03
-1.000000047497451305e-03
-1.000000047497451305e-03
1.000937819480895996e+00
1.000937819480895996e+00
1.000937819480895996e+00
1.000937819480895996e+00
1.000937819480895996e+00
1.000937819480895996e+00
1.000937819480895996e+00
1.000937819480895996e+00
-1.000000047497451305e-03
-1.000000047497451305e-03
-1.000000047497451305e-03
-1.000000047497451305e-03
2.000001026317477226e-03
-1.000000047497451305e-03
-1.000000047497451305e-03
-1.000000047497451305e-03
1.000937819480895996e+00
1.000937819480895996e+00
1.000937819480895996e+00
1.000937819480895996e+00
1.000937819480895996e+00
1.000937819480895996e+00
1.000937819480895996e+00
1.000937819480895996e+00
-1.000000047497451305e-03
-1.000000047497451305e-03
-1.000000047497451305e-03
-1.000000047497451305e-03
-1.000000047497451305e-03
2.000001026317477226e-03
-1.000000047497451305e-03
-1.000000047497451305e-03
1.000937819480895996e+00
1.000937819480895996e+00
1.000937819480895996e+00
1.000937819480895996e+00
1.000937819480895996e+00
1.000937819480895996e+00
1.000937819480895996e+00
1.000937819480895996e+00
8.980933343991637230e-04
7.385922363027930260e-04
-6.399995088577270508e-02
-6.399995088577270508e-02
-6.399995088577270508e-02
1.416527898982167244e-03
2.246631542220711708e-03
-6.399995088577270508e-02
-6.399995088577270508e-02
-6.399995088577270508e-02
-5.874062702059745789e-02
-6.399995088577270508e-02
3.341374685987830162e-04
2.725775120779871941e-03
-7.140124216675758362e-04
1.909859944134950638e-03
-6.055815890431404114e-02
3.655267646536231041e-04
-6.399995088577270508e-02
1.201968407258391380e-04
3.774006618186831474e-04
-5.951074510812759399e-02
1.552473986521363258e-03
-6.399995088577270508e-02
-5.304568633437156677e-02
8.648120565339922905e-04
1.264863181859254837e-03
-6.399995088577270508e-02
-6.399995088577270508e-02
-6.399995088577270508e-02
-6.399995088577270508e-02
-6.399995088577270508e-02
1.534441253170371056e-04
-5.751413106918334961e-02
-6.399995088577270508e-02
-6.399995088577270508e-02
-6.399995088577270508e-02
5.807796260342001915e-04
1.986882416531443596e-03
-6.399995088577270508e-02
9.162997594103217125e-04
-6.399995088577270508e-02
2.798536093905568123e-03
-6.399995088577270508e-02
-6.399995088577270508e-02
-5.888918414711952209e-02
2.582452725619077682e-05
-6.399995088577270508e-02
-6.399995088577270508e-02
-6.399995088577270508e-02
-6.399995088577270508e-02
-6.399995088577270508e-02
-6.399995088577270508e-02
-6.399995088577270508e-02
1.802918268367648125e-04
-6.092564389109611511e-02
-6.078744307160377502e-02
1.142730237916111946e-03
-6.399995088577270508e-02
-6.399995088577270508e-02
-6.399995088577270508e-02
-6.399995088577270508e-02
1.004363643005490303e-03
7.433848222717642784e-04
-1.000000047497451305e-03
-1.000000047497451305e-03
-1.000000047497451305e-03
-1.000000047497451305e-03
-1.000000047497451305e-03
-1.000000047497451305e-03
-1.000000047497451305e-03
-1.000000047497451305e-03
1.000937819480895996e+00
1.000937819480895996e+00
1.000937819480895996e+00
1.000937819480895996e+00
1.000937819480895996e+00
1.000937819480895996e+00
1.000937819480895996e+00
1.000937819480895996e+00
-1.000000047497451305e-03
-1.000000047497451305e-03
2.000001026317477226e-03
-1.000000047497451305e-03
-1.000000047497451305e-03
-1.000000047497451305e-03
-1.000000047497451305e-03
-1.000000047497451305e-03
1.000937819480895996e+00
1.000937819480895996e+00
1.000937819480895996e+00
1.000937819480895996e+00
1.000937819480895996e+00
1.000937819480895996e+00
1.000937819480895996e+00
1.000937819480895996e+00
2.000001026317477226e-03
-1.000000047497451305e-03
-1.000000047497451305e-03
-1.000000047497451305e-03
-1.000000047497451305e-03
-1.000000047497451305e-03
-1.000000047497451305e-03
-1.000000047497451305e-03
1.000937819480895996e+00
1.000937819480895996e+00
1.000937819480895996e+00
1.000937819480895996e+00
1.000937819480895996e+00
1.000937819480895996e+00
1.000937819480895996e+00
1.000937819480895996e+00
-1.000000047497451305e-03
-1.000000047497451305e-03
-1.000000047497451305e-03
-1.000000047497451305e-03
-1.000000047497451305e-03
-1.000000047497451305e-03
-1.000000047497451305e-03
-1.000000047497451305e-03
1.000937819480895996e+00
1.000937819480895996e+00
1.000937819480895996e+00
1.000937819480895996e+00
1.000937819480895996e+00
1.000937819480895996e+00
1.000937819480895996e+00
1.000937819480895996e+00
-5.021574907004833221e-04
2.123427344486117363e-03
-6.399995088577270508e-02
-6.399995088577270508e-02
-6.399995088577270508e-02
2.257967134937644005e-04
1.332988729700446129e-03
-6.065443158149719238e-02
1.053588232025504112e-03
-6.399995088577270508e-02
-2.891286276280879974e-04
-6.399995088577270508e-02
1.549941487610340118e-03
-5.774954706430435181e-02
-6.399995088577270508e-02
2.687795786187052727e-03
-6.399995088577270508e-02
1.706083072349429131e-03
-6.025671586394309998e-02
-6.084166839718818665e-02
1.594734843820333481e-03
2.571345306932926178e-03
6.848349003121256828e-04
1.584469107910990715e-03
-6.399995088577270508e-02
-4.850602708756923676e-04
-3.585142549127340317e-04
4.611707990989089012e-04
1.696462510153651237e-03
2.869887510314583778e-03
1.848226180300116539e-03
1.407492673024535179e-04
1.394233433529734612e-03
-6.072232872247695923e-02
-6.399995088577270508e-02
1.004728721454739571e-03
-5.916934832930564880e-02
1.240322133526206017e-03
-5.969426780939102173e-02
-6.029025837779045105e-02
-6.399995088577270508e-02
9.017531992867588997e-04
5.398237844929099083e-04
1.290714601054787636e-03
1.399207627400755882e-03
-6.399995088577270508e-02
-6.399995088577270508e-02
-6.399995088577270508e-02
-5.861921980977058411e-02
-5.946112051606178284e-02
-5.520067736506462097e-02
1.222653081640601158e-04
2.852102974429726601e-03
2.758574904873967171e-03
-6.399995088577270508e-02
-5.724858865141868591e-02
-6.399995088577270508e-02
-6.399995088577270508e-02
-5.322194099426269531e-02
2.583139808848500252e-03
-2.217269502580165863e-04
-6.399995088577270508e-02
1.229078741744160652e-03
1.043910859152674675e-03
-1.000000047497451305e-03
-1.000000047497451305e-03
-1.000000047497451305e-03
-1.000000047497451305e-03
-1.000000047497451305e-03
-1.000000047497451305e-03
2.000001026317477226e-03
-1.000000047497451305e-03
1.000937819480895996e+00
1.000937819480895996e+00
1.000937819480895996e+00
1.000937819480895996e+00
1.000937819480895996e+00
1.000937819480895996e+00
1.000937819480895996e+00
1.000937819480895996e+00
-1.000000047497451305e-03
-1.000000047497451305e-03
-1.000000047497451305e-03
-1.000000047497451305e-03
-1.000000047497451305e-03
-1.000000047497451305e-03
-1.000000047497451305e-03
-1.000000047497451305e-03
1.000937819480895996e+00
1.000937819480895996e+00
1.000937819480895996e+00
1.000937819480895996e+00
1.000937819480895996e+00
1.000937819480895996e+00
1.000937819480895996e+00
1.000937819480895996e+00
-1.000000047497451305e-03
-1.000000047497451305e-03
-1.000000047497451305e-03
-1.000000047497451305e-03
-1.000000047497451305e-03
-1.000000047497451305e-03
-1.000000047497451305e-03
-1.000000047497451305e-03
1.000937819480895996e+00
1.000937819480895996e+00
1.000937819480895996e+00
1.000937819480895996e+00
1.000937819480895996e+00
1.000937819480895996e+00
1.000937819480895996e+00
1.000937819480895996e+00
2.000030828639864922e-03
-1.000000047497451305e-03
-1.000000047497451305e-03
-1.000000047497451305e-03
-1.000000047497451305e-03
-1.000000047497451305e-03
-1.000000047497451305e-03
-1.000000047497451305e-03
1.000937819480895996e+00
1.000937819480895996e+00
1.000937819480895996e+00
1.000937819480895996e+00
1.000937819480895996e+00
1.000937819480895996e+00
1.000937819480895996e+00
1.000937819480895996e+00
9.172064019367098808e-04
-5.966620892286300659e-02
-6.399995088577270508e-02
-6.399995088577270508e-02
-6.323680281639099121e-04
2.754082670435309410e-03
-6.399995088577270508e-02
2.872327109798789024e-03
-6.399995088577270508e-02
2.955035073682665825e-03
1.800938975065946579e-03
2.059128601104021072e-03
2.362888539209961891e-03
-5.832981690764427185e-02
-6.399995088577270508e-02
-6.399995088577270508e-02
7.381344912573695183e-04
-6.399995088577270508e-02
-6.399995088577270508e-02
1.500014914199709892e-03
-4.957840219140052795e-02
6.882146699354052544e-04
1.818412216380238533e-03
-6.399995088577270508e-02
-1.587467268109321594e-04
-5.713677033782005310e-02
-6.399995088577270508e-02
6.004198221489787102e-04
-6.399995088577270508e-02
8.925934089347720146e-04
-5.949884653091430664e-02
-6.399995088577270508e-02
-6.399995088577270508e-02
-6.399995088577270508e-02
1.842038240283727646e-03
6.812566425651311874e-05
9.537253063172101974e-04
-6.399995088577270508e-02
-6.399995088577270508e-02
-5.983541905879974365e-02
-6.399995088577270508e-02
-6.399995088577270508e-02
-6.399995088577270508e-02
1.701545203104615211e-03
2.387771615758538246e-03
1.996553735807538033e-03
-6.092860177159309387e-02
2.933827927336096764e-03
-6.399995088577270508e-02
-1.352066523395478725e-03
-6.399995088577270508e-02
1.649859594181180000e-03
-6.399995088577270508e-02
1.724630361422896385e-03
-6.399995088577270508e-02
4.504353273659944534e-05
1.523933373391628265e-03
-6.399995088577270508e-02
-6.399995088577270508e-02
-6.399995088577270508e-02
2.974966308102011681e-03
-5.983519181609153748e-02
-6.399995088577270508e-02
1.803126418963074684e-03
2.000001026317477226e-03
-1.000000047497451305e-03
-1.000000047497451305e-03
-1.000000047497451305e-03
-1.000000047497451305e-03
-1.000000047497451305e-03
-1.000000047497451305e-03
-1.000000047497451305e-03
1.000937819480895996e+00
1.000937819480895996e+00
1.000937819480895996e+00
1.000937819480895996e+00
1.000937819480895996e+00
1.000937819480895996e+00
1.000937819480895996e+00
1.000937819480895996e+00
-1.000000047497451305e-03
-1.000000047497451305e-03
-1.000000047497451305e-03
-1.000000047497451305e-03
2.000001026317477226e-03
-1.000000047497451305e-03
-1.000000047497451305e-03
-1.000000047497451305e-03
1.000937819480895996e+00
1.000937819480895996e+00
1.000937819480895996e+00
1.000937819480895996e+00
1.000937819480895996e+00
1.000937819480895996e+00
1.000937819480895996e+00
1.000937819480895996e+00
2.000004285946488380e-03
-1.000000047497451305e-03
-1.000000047497451305e-03
-1.000000047497451305e-03
-1.000000047497451305e-03
-1.000000047497451305e-03
-1.000000047497451305e-03
-1.000000047497451305e-03
1.000937819480895996e+00
1.000937819480895996e+00
1.000937819480895996e+00
1.000937819480895996e+00
1.000937819480895996e+00
1.000937819480895996e+00
1.000937819480895996e+00
1.000937819480895996e+00
-1.000000047497451305e-03
-1.000000047497451305e-03
-1.000000047497451305e-03
-1.000000047497451305e-03
-1.000000047497451305e-03
-1.000000047497451305e-03
-1.000000047497451305e-03
-1.000000047497451305e-03
1.000937819480895996e+00
1.000937819480895996e+00
1.000937819480895996e+00
1.000937819480895996e+00
1.000937819480895996e+00
1.000937819480895996e+00
1.000937819480895996e+00
1.000937819480895996e+00
-6.399995088577270508e-02
-6.080979481339454651e-02
-7.849936373531818390e-04
-6.062653660774230957e-02
-6.399995088577270508e-02
1.849189633503556252e-03
3.912904066964983940e-04
-6.399995088577270508e-02
4.444591468200087547e-04
1.804201630875468254e-03
1.984342234209179878e-03
-5.792342126369476318e-02
-6.399995088577270508e-02
-6.399995088577270508e-02
-6.399995088577270508e-02
1.403542933985590935e-03
1.919822534546256065e-03
-6.399995088577270508e-02
-5.592466145753860474e-02
-5.885567888617515564e-02
-6.399995088577270508e-02
-5.620956048369407654e-02
-6.399995088577270508e-02
1.958979060873389244e-03
6.571643752977252007e-04
-6.399995088577270508e-02
-5.620729178190231323e-02
1.326787518337368965e-03
1.562907593324780464e-03
-5.866784974932670593e-02
-5.818765610456466675e-02
-6.399995088577270508e-02
-1.318217255175113678e-04
1.555889612063765526e-03
-6.399995088577270508e-02
7.711251964792609215e-04
1.743523171171545982e-04
-6.399995088577270508e-02
-5.494025722146034241e-02
-6.399995088577270508e-02
-6.399995088577270508e-02
-6.399995088577270508e-02
-6.399995088577270508e-02
-6.399995088577270508e-02
2.523301402106881142e-03
-5.724360421299934387e-02
-6.399995088577270508e-02
1.278869109228253365e-03
1.046370947733521461e-03
-6.399995088577270508e-02
2.108308253809809685e-04
-6.399995088577270508e-02
-6.399995088577270508e-02
6.152157438918948174e-04
5.359243368729948997e-04
1.716544618830084801e-03
1.473954645916819572e-03
1.552393892779946327e-03
-6.399995088577270508e-02
1.476921373978257179e-03
-1.212572096846997738e-03
-6.399995088577270508e-02
6.852197693660855293e-04
7.335388800129294395e-04
-1.000000047497451305e-03
-1.000000047497451305e-03
-1.000000047497451305e-03
-1.000000047497451305e-03
-1.000000047497451305e-03
-1.000000047497451305e-03
-1.000000047497451305e-03
-1.000000047497451305e-03
1.000937819480895996e+00
1.000937819480895996e+00
1.000937819480895996e+00
1.000937819480895996e+00
1.000937819480895996e+00
1.000937819480895996e+00
1.000937819480895996e+00
1.000937819480895996e+00
-1.000000047497451305e-03
-1.000000047497451305e-03
2.000001026317477226e-03
-1.000000047497451305e-03
-1.000000047497451305e-03
-1.000000047497451305e-03
-1.000000047497451305e-03
-1.000000047497451305e-03
1.000937819480895996e+00
1.000937819480895996e+00
1.000937819480895996e+00
1.000937819480895996e+00
1.000937819480895996e+00
1.000937819480895996e+00
1.000937819480895996e+00
1.000937819480895996e+00
-1.000000047497451305e-03
-1.000000047497451305e-03
-1.000000047497451305e-03
-1.000000047497451305e-03
-1.000000047497451305e-03
-1.000000047497451305e-03
2.001358894631266594e-03
-1.000000047497451305e-03
1.000937819480895996e+00
1.000937819480895996e+00
1.000937819480895996e+00
1.000937819480895996e+00
1.000937819480895996e+00
1.000937819480895996e+00
1.000937819480895996e+00
1.000937819480895996e+00
-1.000000047497451305e-03
-1.000000047497451305e-03
-1.000000047497451305e-03
-1.000000047497451305e-03
-1.000000047497451305e-03
-1.000000047497451305e-03
-1.000000047497451305e-03
-1.000000047497451305e-03
1.000937819480895996e+00
1.000937819480895996e+00
1.000937819480895996e+00
1.000937819480895996e+00
1.000937819480895996e+00
1.000937819480895996e+00
1.000937819480895996e+00
1.000937819480895996e+00
-6.399995088577270508e-02
5.683189956471323967e-04
-6.399995088577270508e-02
3.307008882984519005e-04
-6.399995088577270508e-02
1.524279592558741570e-03
1.724084140732884407e-03
-6.098167970776557922e-02
2.351840259507298470e-03
-6.399995088577270508e-02
-6.399995088577270508e-02
1.536272699013352394e-03
-6.399995088577270508e-02
-5.969021096825599670e-02
-6.399995088577270508e-02
-6.399995088577270508e-02
-6.399995088577270508e-02
-6.076436862349510193e-02
-6.399995088577270508e-02
-5.938131362199783325e-02
-6.399995088577270508e-02
1.376127591356635094e-03
-6.399995088577270508e-02
-6.399995088577270508e-02
-6.399995088577270508e-02
-6.399995088577270508e-02
-6.399995088577270508e-02
1.338351285085082054e-03
-5.519607290625572205e-02
4.048958653584122658e-04
-6.399995088577270508e-02
2.523247385397553444e-03
-6.399995088577270508e-02
1.752498326823115349e-03
-6.399995088577270508e-02
1.117838313803076744e-03
2.788719721138477325e-03
-5.950132757425308228e-02
1.304475823417305946e-03
1.032863510772585869e-03
1.869159517809748650e-03
-6.399995088577270508e-02
-6.399995088577270508e-02
-6.399995088577270508e-02
-6.399995088577270508e-02
-6.399995088577270508e-02
-6.399995088577270508e-02
2.224284922704100609e-03
7.347933715209364891e-04
-6.399995088577270508e-02
1.417611958459019661e-03
1.187990186735987663e-03
-5.996071919798851013e-02
-6.078411638736724854e-02
-6.399995088577270508e-02
-6.399995088577270508e-02
-1.507971901446580887e-04
3.505533095449209213e-05
-6.399995088577270508e-02
2.059671794995665550e-03
-6.399995088577270508e-02
-1.371060498058795929e-04
-6.399995088577270508e-02
-6.047801300883293152e-02
-1.000000047497451305e-03
-1.000000047497451305e-03
-1.000000047497451305e-03
-1.000000047497451305e-03
-1.000000047497451305e-03
-1.000000047497451305e-03
-1.000000047497451305e-03
-1.000000047497451305e-03
1.000937819480895996e+00
1.000937819480895996e+00
1.000937819480895996e+00
1.000937819480895996e+00
1.000937819480895996e+00
1.000937819480895996e+00
1.000937819480895996e+00
1.000937819480895996e+00
-1.000000047497451305e-03
-1.000000047497451305e-03
-1.000000047497451305e-03
-1.000000047497451305e-03
-1.000000047497451305e-03
-1.000000047497451305e-03
-1.000000047497451305e-03
-1.000000047497451305e-03
1.000937819480895996e+00
1.000937819480895996e+00
1.000937819480895996e+00
1.000937819480895996e+00
1.000937819480895996e+00
1.000937819480895996e+00
1.000937819480895996e+00
1.000937819480895996e+00
-1.000000047497451305e-03
-1.000000047497451305e-03
2.000001026317477226e-03
-1.000000047497451305e-03
-1.000000047497451305e-03
-1.000000047497451305e-03
-1.000000047497451305e-03
-1.000000047497451305e-03
1.000937819480895996e+00
1.000937819480895996e+00
1.000937819480895996e+00
1.000937819480895996e+00
1.000937819480895996e+00
1.000937819480895996e+00
1.000937819480895996e+00
1.000937819480895996e+00
-1.000000047497451305e-03
-1.000000047497451305e-03
-1.000000047497451305e-03
-1.000000047497451305e-03
-1.000000047497451305e-03
-1.000000047497451305e-03
-1.000000047497451305e-03
2.000149572268128395e-03
1.000937819480895996e+00
1.000937819480895996e+00
1.000937819480895996e+00
1.000937819480895996e+00
1.000937819480895996e+00
1.000937819480895996e+00
1.000937819480895996e+00
1.000937819480895996e+00
2.439195523038506508e-03
2.642269013449549675e-03
1.799662597477436066e-03
1.419203123077750206e-03
2.199170412495732307e-03
6.249094149097800255e-04
1.120665343478322029e-03
2.463902579620480537e-03
-1.402713707648217678e-03
2.667087828740477562e-03
2.997314091771841049e-03
-6.399995088577270508e-02
4.445497179403901100e-04
-6.399995088577270508e-02
-6.399995088577270508e-02
-6.399995088577270508e-02
-5.721922218799591064e-02
-6.399995088577270508e-02
1.397894462570548058e-03
-6.399995088577270508e-02
-6.399995088577270508e-02
-6.399995088577270508e-02
-6.399995088577270508e-02
-6.791302002966403961e-04
-5.979568883776664734e-02
1.155810663476586342e-03
-5.881661549210548401e-02
1.210901653394103050e-03
9.071326348930597305e-05
-6.399995088577270508e-02
-6.399995088577270508e-02
-6.399995088577270508e-02
-6.399995088577270508e-02
5.992039805278182030e-04
-6.399995088577270508e-02
-2.920860424637794495e-07
-6.399995088577270508e-02
1.670187106356024742e-03
1.638002926483750343e-03
2.330266172066330910e-03
2.634442178532481194e-03
7.922424701973795891e-04
-6.399995088577270508e-02
1.521400408819317818e-03
1.452395925298333168e-03
1.830988563597202301e-03
7.862373022362589836e-04
-5.968106538057327271e-02
-6.399995088577270508e-02
-6.399995088577270508e-02
-6.097033619880676270e-02
-6.399995088577270508e-02
2.580147469416260719e-03
-3.437635023146867752e-04
7.550077280029654503e-04
-6.399995088577270508e-02
-1.114959246478974819e-03
-6.085349246859550476e-02
-5.797055363655090332e-02
-6.399995088577270508e-02
7.550109876319766045e-04
1.279069809243083000e-03
-6.399995088577270508e-02
-6.399995088577270508e-02
-1.000000047497451305e-03
-1.000000047497451305e-03
-1.000000047497451305e-03
-1.000000047497451305e-03
-1.000000047497451305e-03
-1.000000047497451305e-03
-1.000000047497451305e-03
-1.000000047497451305e-03
1.000937819480895996e+00
1.000937819480895996e+00
1.000937819480895996e+00
1.000937819480895996e+00
1.000937819480895996e+00
1.000937819480895996e+00
1.000937819480895996e+00
1.000937819480895996e+00
-1.000000047497451305e-03
-1.000000047497451305e-03
-1.000000047497451305e-03
-1.000000047497451305e-03
-1.000000047497451305e-03
-1.000000047497451305e-03
-1.000000047497451305e-03
2.000001026317477226e-03
1.000937819480895996e+00
1.000937819480895996e+00
1.000937819480895996e+00
1.000937819480895996e+00
1.000937819480895996e+00
1.000937819480895996e+00
1.000937819480895996e+00
1.000937819480895996e+00
-1.000000047497451305e-03
-1.000000047497451305e-03
-1.000000047497451305e-03
-1.000000047497451305e-03
-1.000000047497451305e-03
-1.000000047497451305e-03
-1.000000047497451305e-03
2.000000793486833572e-03
1.000937819480895996e+00
1.000937819480895996e+00
1.000937819480895996e+00
1.000937819480895996e+00
1.000937819480895996e+00
1.000937819480895996e+00
1.000937819480895996e+00
1.000937819480895996e+00
-1.000000047497451305e-03
-1.000000047497451305e-03
-1.000000047497451305e-03
-1.000000047497451305e-03
-1.000000047497451305e-03
-1.000000047497451305e-03
-1.000000047497451305e-03
2.055286662653088570e-03
1.000937819480895996e+00
1.000937819480895996e+00
1.000937819480895996e+00
1.000937819480895996e+00
1.000937819480895996e+00
1.000937819480895996e+00
1.000937819480895996e+00
1.000937819480895996e+00
2.480556489899754524e-03
-6.399995088577270508e-02
-5.945038795471191406e-02
-6.399995088577270508e-02
1.130047952756285667e-03
1.113620353862643242e-03
2.802401082590222359e-03
2.865236485376954079e-03
2.972113667055964470e-03
7.709333440288901329e-04
-6.050394847989082336e-02
1.804308732971549034e-03
1.797155942767858505e-03
2.883036388084292412e-03
2.221653470769524574e-03
1.391810597851872444e-03
2.941729733720421791e-03
3.869578940793871880e-04
-5.915848165750503540e-02
2.613515825942158699e-03
2.067217836156487465e-03
-3.460810985416173935e-04
2.779368078336119652e-03
-5.800391733646392822e-02
-6.399995088577270508e-02
2.773602725937962532e-03
-6.399995088577270508e-02
9.263277752324938774e-04
-6.399995088577270508e-02
9.926750790327787399e-04
2.302917419001460075e-03
5.228338995948433876e-04
-6.399995088577270508e-02
-6.399995088577270508e-02
8.635191479697823524e-04
-6.399995088577270508e-02
-6.047561392188072205e-02
2.691047033295035362e-03
-6.045023724436759949e-02
-6.084188818931579590e-02
-6.399995088577270508e-02
-6.399995088577270508e-02
-6.399995088577270508e-02
1.932977465912699699e-04
3.996364539489150047e-04
-6.399995088577270508e-02
-6.399995088577270508e-02
-6.399995088577270508e-02
2.616494428366422653e-03
-6.399995088577270508e-02
-6.399995088577270508e-02
7.696888642385601997e-04
1.684170914813876152e-03
-6.399995088577270508e-02
-6.399995088577270508e-02
2.191099571064114571e-03
2.069941489025950432e-03
2.456574002280831337e-03
-5.825159326195716858e-02
3.215958131477236748e-04
-6.399995088577270508e-02
-6.399995088577270508e-02
2.323731081560254097e-03
-6.092430278658866882e-02
