0.000000000000000000e+00
-2.328306436538696289e-10
0.000000000000000000e+00
-2.328306436538696289e-10
0.000000000000000000e+00
-2.328306436538696289e-10
2.697536721825599670e-03
-2.328306436538696289e-10
0.000000000000000000e+00
-2.328306436538696289e-10
0.000000000000000000e+00
-2.328306436538696289e-10
0.000000000000000000e+00
-2.328306436538696289e-10
0.000000000000000000e+00
-2.328306436538696289e-10
-5.974331870675086975e-03
1.113285776227712631e-03
-3.458070568740367889e-04
6.360890110954642296e-04
-5.000881385058164597e-03
1.265716040506958961e-03
-9.000001475214958191e-03
-3.817791352048516273e-03
-9.000001475214958191e-03
-4.218032583594322205e-03
-9.000001475214958191e-03
-9.000001475214958191e-03
2.253511687740683556e-03
-9.000001475214958191e-03
9.236583719030022621e-04
-3.980944398790597916e-03
1.101694302633404732e-03
-9.000001475214958191e-03
4.373773699626326561e-04
-4.883433692157268524e-03
-9.000001475214958191e-03
-1.884905039332807064e-03
1.968580065295100212e-03
-9.000001475214958191e-03
-9.000001475214958191e-03
-9.000001475214958191e-03
-7.711779326200485229e-04
8.887642761692404747e-04
-7.202876731753349304e-04
2.244536532089114189e-03
-1.476385979913175106e-03
-9.000001475214958191e-03
-9.000001475214958191e-03
5.152203375473618507e-04
-5.663448013365268707e-03
-9.000001475214958191e-03
-9.000001475214958191e-03
-9.000001475214958191e-03
1.402118476107716560e-03
2.660725032910704613e-03
-9.000001475214958191e-03
-6.534424610435962677e-04
-5.378883332014083862e-03
-1.512156217359006405e-03
2.945091342553496361e-03
-9.000001475214958191e-03
-9.000001475214958191e-03
-9.000001475214958191e-03
-2.000000094994902611e-03
-2.000000094994902611e-03
2.616467187181115150e-03
-2.000000094994902611e-03
-2.000000094994902611e-03
-2.000000094994902611e-03
-2.000000094994902611e-03
-2.000000094994902611e-03
9.999377727508544922e-01
9.999377727508544922e-01
9.999377727508544922e-01
9.999377727508544922e-01
9.999377727508544922e-01
9.999377727508544922e-01
9.999377727508544922e-01
9.999377727508544922e-01
8.767506806179881096e-04
8.128507761284708977e-04
2.881656168028712273e-03
2.518395194783806801e-04
-6.000000983476638794e-03
-6.000000983476638794e-03
-6.000000983476638794e-03
-6.000000983476638794e-03
-6.000000983476638794e-03
1.246410189196467400e-03
-6.000000983476638794e-03
-6.000000983476638794e-03
-6.000000983476638794e-03
3.814621595665812492e-04
-3.608004190027713776e-04
-6.000000983476638794e-03
-6.000000983476638794e-03
-6.000000983476638794e-03
-6.000000983476638794e-03
-6.000000983476638794e-03
