4.933695495128631592e-01
0.000000000000000000e+00
7.623979449272155762e-02
0.000000000000000000e+00
7.530649900436401367e-01
8.656748533248901367e-01
0.000000000000000000e+00
9.873511791229248047e-01
8.339428901672363281e-01
0.000000000000000000e+00
5.678690075874328613e-01
4.707848131656646729e-01
0.000000000000000000e+00
7.611902952194213867e-01
6.991059184074401855e-01
4.183766841888427734e-01
2.192748188972473145e-01
0.000000000000000000e+00
7.011823654174804688e-01
4.630334079265594482e-01
0.000000000000000000e+00
0.000000000000000000e+00
0.000000000000000000e+00
6.052124500274658203e-02
0.000000000000000000e+00
8.510978817939758301e-01
1.351646184921264648e-01
0.000000000000000000e+00
0.000000000000000000e+00
0.000000000000000000e+00
8.470605313777923584e-02
6.086558103561401367e-01
0.000000000000000000e+00
0.000000000000000000e+00
2.635498642921447754e-01
0.000000000000000000e+00
0.000000000000000000e+00
9.216926693916320801e-01
0.000000000000000000e+00
0.000000000000000000e+00
0.000000000000000000e+00
0.000000000000000000e+00
9.183513522148132324e-01
6.122367084026336670e-02
9.162670373916625977e-01
0.000000000000000000e+00
7.138158679008483887e-01
0.000000000000000000e+00
0.000000000000000000e+00
1.903112530708312988e-01
0.000000000000000000e+00
2.425599843263626099e-01
0.000000000000000000e+00
0.000000000000000000e+00
0.000000000000000000e+00
0.000000000000000000e+00
9.621275067329406738e-01
7.823264598846435547e-01
0.000000000000000000e+00
8.520700931549072266e-01
0.000000000000000000e+00
5.570819973945617676e-01
2.475708723068237305e-02
0.000000000000000000e+00
3.315568268299102783e-01
9.607618451118469238e-01
0.000000000000000000e+00
8.752192854881286621e-01
0.000000000000000000e+00
4.470032751560211182e-01
4.267334043979644775e-01
0.000000000000000000e+00
0.000000000000000000e+00
0.000000000000000000e+00
0.000000000000000000e+00
0.000000000000000000e+00
0.000000000000000000e+00
0.000000000000000000e+00
0.000000000000000000e+00
0.000000000000000000e+00
4.067022725939750671e-02
1.514433771371841431e-01
0.000000000000000000e+00
5.366079807281494141e-01
0.000000000000000000e+00
0.000000000000000000e+00
0.000000000000000000e+00
3.907207846641540527e-01
0.000000000000000000e+00
0.000000000000000000e+00
0.000000000000000000e+00
4.064493179321289062e-01
7.989120483398437500e-01
9.283854365348815918e-01
6.864218711853027344e-01
4.770522415637969971e-01
0.000000000000000000e+00
0.000000000000000000e+00
2.902379631996154785e-01
1.361936926841735840e-01
