0.000000000000000000e+00
0.000000000000000000e+00
5.273437500000000000e-01
0.000000000000000000e+00
0.000000000000000000e+00
0.000000000000000000e+00
6.328125000000000000e-01
0.000000000000000000e+00
0.000000000000000000e+00
0.000000000000000000e+00
0.000000000000000000e+00
0.000000000000000000e+00
6.601562500000000000e-01
0.000000000000000000e+00
0.000000000000000000e+00
0.000000000000000000e+00
6.171875000000000000e-01
0.000000000000000000e+00
5.664062500000000000e-01
0.000000000000000000e+00
0.000000000000000000e+00
0.000000000000000000e+00
0.000000000000000000e+00
1.337890625000000000e-01
4.160156250000000000e-01
0.000000000000000000e+00
0.000000000000000000e+00
0.000000000000000000e+00
0.000000000000000000e+00
8.867187500000000000e-01
4.453125000000000000e-01
0.000000000000000000e+00
0.000000000000000000e+00
0.000000000000000000e+00
0.000000000000000000e+00
0.000000000000000000e+00
0.000000000000000000e+00
4.257812500000000000e-01
8.398437500000000000e-01
0.000000000000000000e+00
0.000000000000000000e+00
2.558593750000000000e-01
0.000000000000000000e+00
0.000000000000000000e+00
0.000000000000000000e+00
2.656250000000000000e-01
0.000000000000000000e+00
9.726562500000000000e-01
0.000000000000000000e+00
0.000000000000000000e+00
0.000000000000000000e+00
8.476562500000000000e-01
0.000000000000000000e+00
0.000000000000000000e+00
0.000000000000000000e+00
1.923828125000000000e-01
0.000000000000000000e+00
0.000000000000000000e+00
0.000000000000000000e+00
6.406250000000000000e-01
0.000000000000000000e+00
0.000000000000000000e+00
0.000000000000000000e+00
3.730468750000000000e-01
0.000000000000000000e+00
0.000000000000000000e+00
0.000000000000000000e+00
0.000000000000000000e+00
0.000000000000000000e+00
0.000000000000000000e+00
0.000000000000000000e+00
0.000000000000000000e+00
7.695312500000000000e-01
0.000000000000000000e+00
0.000000000000000000e+00
0.000000000000000000e+00
1.503906250000000000e-01
0.000000000000000000e+00
3.515625000000000000e-01
0.000000000000000000e+00
0.000000000000000000e+00
0.000000000000000000e+00
0.000000000000000000e+00
0.000000000000000000e+00
0.000000000000000000e+00
3.750000000000000000e-01
0.000000000000000000e+00
0.000000000000000000e+00
0.000000000000000000e+00
0.000000000000000000e+00
0.000000000000000000e+00
9.023437500000000000e-01
0.000000000000000000e+00
0.000000000000000000e+00
0.000000000000000000e+00
0.000000000000000000e+00
0.000000000000000000e+00
0.000000000000000000e+00
6.562500000000000000e-01
0.000000000000000000e+00
